[6.87245271e+02 1.79199872e+01 9.26432032e-02
]
[3.40579005e+02 8.65181480e+00 3.12912370e-01
]
[5.13813456e+02 1.29057439e+01 2.52331233e-01
]
[1.57559486e+03 2.82567711e+01 5.53359496e-02
]
[5.82826879e+02 1.18084165e+01 2.42283756e-01
]
[7.51880615e+02 1.51814994e+01 1.96603449e-01
]
[1.16081153e+03 2.03825606e+01 1.27376246e-01
]
[2.95442937e+02 1.01101269e+01 1.96292711e-01
]
[2.75115909e+02 1.06989927e+01 1.63345359e-01
]
[9.17606059e+02 1.84838447e+01 1.91269106e-01
]
[1.36310405e+03 2.31971198e+01 1.30575466e-01
]
[224.24586771   6.05470106   0.42519133
]
[4.26684306e+02 9.57821980e+00 2.96738274e-01
]
[8.51398677e+02 1.45657670e+01 2.01908499e-01
]
[5.20767689e+02 1.27654441e+01 1.85432011e-01
]
[4.43991098e+02 8.13655417e+00 2.99814352e-01
]
[6.26775702e+02 1.47303037e+01 2.89625993e-01
]
[3.91250611e+02 1.08269589e+01 1.95663413e-01
]
[7.12803291e+02 1.76237755e+01 8.39634859e-02
]
[1.57308875e+03 2.60604691e+01 6.25849198e-02
]
[1.21484420e+03 2.17935871e+01 8.00655696e-02
]
[2.77239491e+02 8.33596236e+00 2.72260159e-01
]
[3.96310188e+02 9.32647443e+00 3.11399978e-01
]
[213.82488584   6.8695004    0.3437063 
]
[3.83945975e+02 9.44696655e+00 2.39050722e-01
]
[35.93073433  2.42002307  0.4282621 
]
[5.10872618e+02 1.24374933e+01 2.24535739e-01
]
[266.15111111   7.4044752    0.36254795
]
[397.22832757   7.05347174   0.44745306
]
[268.87992311   5.74392926   0.57550418
]
[7.25799108e+02 1.92097962e+01 7.12771177e-02
]
[7.19495256e+02 1.10300807e+01 4.36119940e-01
]
[1.06266734e+03 2.07123106e+01 1.03820183e-01
]
[130.96710496   4.90949635   0.421161  
]
[169.84342945   6.7654133    0.39140814
]
[3.82132257e+02 1.30909958e+01 1.23505356e-01
]
[1.32073344e+03 2.29476048e+01 1.62410925e-01
]
[4.42387565e+02 9.81175330e+00 2.36495169e-01
]
[1.16296083e+03 2.41088812e+01 7.32755516e-02
]
[7.34354971e+02 1.43440830e+01 2.02790079e-01
]
[1.20785689e+03 1.97982836e+01 1.42388357e-01
]
[5.15863606e+02 1.65923414e+01 1.40595702e-01
]
[3.41590404e+02 1.03619839e+01 2.08545087e-01
]
[125.59769286   4.1228777    0.4624474 
]
[1.04405745e+03 1.95276278e+01 1.63818042e-01
]
[162.10971588   6.0825723    0.30173748
]
[4.89178004e+02 1.15721633e+01 2.76712531e-01
]
[5.06197401e+02 1.03025913e+01 4.29200934e-01
]
[7.19232603e+02 1.74003845e+01 1.38974585e-01
]
[2.37383360e+03 3.48411842e+01 4.83619943e-02
]
[7.42692922e+02 1.45515575e+01 1.94453146e-01
]
[1.17399966e+03 1.85521876e+01 1.32575795e-01
]
[7.62536455e+02 1.84096424e+01 1.17996668e-01
]
[300.7407392    8.99278289   0.30892603
]
[106.70272972   4.61156478   0.46262466
]
[9.65731579e+02 1.93169919e+01 2.09667187e-01
]
[127.25893118   4.47661669   0.48494913
]
[221.56125107   6.75528142   0.30796543
]
[5.63591340e+02 1.18351629e+01 2.48189381e-01
]
[215.46426759   6.74623606   0.26999446
]
[5.55430896e+02 1.28110419e+01 2.07875293e-01
]
[1.19047829e+03 2.44839831e+01 5.55890711e-02
]
[146.07680123   5.21014994   0.39113083
]
[3.16391511e+02 1.04891349e+01 2.28675883e-01
]
[3.95220008e+02 9.08368618e+00 2.98342764e-01
]
[8.75954494e+02 1.64053057e+01 2.18604438e-01
]
[9.94708358e+02 2.00832241e+01 1.38779386e-01
]
[86.72505959  4.96044598  0.30572789
]
[5.85728120e+02 1.67984468e+01 9.88361076e-02
]
[5.32829770e+02 1.31997254e+01 1.22911334e-01
]
[2.13971303e+02 9.47177240e+00 1.70522390e-01
]
[1.35921904e+03 2.26047422e+01 1.22851865e-01
]
[4.10850934e+02 1.24052903e+01 2.18812302e-01
]
[1.97567768e+03 2.56384929e+01 1.48121771e-01
]
[196.78443676   7.70479047   0.25836721
]
[1.19073183e+03 2.24145021e+01 1.65896677e-01
]
[3.32180647e+03 4.01653210e+01 4.07760291e-02
]
[6.74737338e+02 1.41684052e+01 2.25654761e-01
]
[1.50050128e+03 2.52377393e+01 1.43692772e-01
]
[2.57805291e+02 9.56976308e+00 2.08569883e-01
]
[1.08899822e+03 2.10533026e+01 1.49510820e-01
]
[216.64687525   7.80607117   0.29937924
]
[3.88052612e+02 1.17863933e+01 1.63170021e-01
]
[4.86066374e+02 1.31684737e+01 2.18028406e-01
]
[184.92110778   6.93186652   0.29910069
]
[4.44466651e+02 1.11396540e+01 1.83675649e-01
]
[3.24583514e+02 1.08661438e+01 1.99790312e-01
]
[3.96251734e+02 9.94425221e+00 3.11925658e-01
]
[160.99221838   6.52286044   0.32100634
]
[5.88231142e+02 1.40831988e+01 2.22815768e-01
]
[1.15705758e+03 2.55764552e+01 4.41619850e-02
]
[6.78744145e+02 1.88487197e+01 6.33676364e-02
]
[1.18891288e+03 2.19966782e+01 1.13354128e-01
]
[5.31178255e+02 1.25517570e+01 2.26370671e-01
]
[1.22321200e+03 2.41847905e+01 7.28540195e-02
]
[254.80687428   7.92545944   0.43611075
]
[4.55685367e+02 1.41592157e+01 1.10434063e-01
]
[152.26806613   7.20287582   0.24900444
]
[5.09175056e+02 1.16931642e+01 2.73775828e-01
]
[3.74083030e+02 1.22897193e+01 1.19558397e-01
]
[249.57685506   8.61396386   0.25896839
]
[7.29432304e+02 1.55468349e+01 1.53050579e-01
]
[1.18532027e+03 1.84560399e+01 1.98093101e-01
]
[1.55885785e+03 2.66637447e+01 6.56583372e-02
]
[7.42231267e+02 1.71001417e+01 9.84526582e-02
]
[4.45353679e+02 1.23628297e+01 1.70415216e-01
]
[4.95387281e+02 1.25752731e+01 2.39970334e-01
]
[261.49863899   7.87753941   0.32284274
]
[3.83926551e+02 1.10513802e+01 1.74866903e-01
]
[4.82022342e+02 1.35377935e+01 1.44096935e-01
]
[1.10317080e+03 1.90436140e+01 1.75688367e-01
]
[5.80718269e+02 1.40777782e+01 2.30970987e-01
]
[4.43973703e+02 1.08715381e+01 2.88675487e-01
]
[5.58512957e+02 1.50216840e+01 1.74713923e-01
]
[314.70043829   8.52373702   0.31560902
]
[5.25832910e+02 1.34090734e+01 2.73136002e-01
]
[3.46541686e+02 9.89467183e+00 2.67348226e-01
]
[3.47056155e+02 8.40953587e+00 2.80793868e-01
]
[5.64242994e+02 1.34064083e+01 2.09792582e-01
]
[1.02906565e+03 1.84814456e+01 1.88448551e-01
]
[271.29330258   9.63012687   0.28360739
]
[5.65226790e+02 1.36644368e+01 1.58888390e-01
]
[178.46326797   4.18174548   0.6235113 
]
[1.43313729e+03 2.43737332e+01 9.23302593e-02
]
[2.60946323e+02 9.53654565e+00 2.22909580e-01
]
[127.71021915   6.0054902    0.34003739
]
[8.14136686e+02 1.09317339e+01 3.24780419e-01
]
[7.63613533e+02 1.56480123e+01 1.49822650e-01
]
[8.87613426e+02 2.22437063e+01 4.99419241e-02
]
[161.33534794   7.34925029   0.21100656
]
[4.65308740e+02 1.33874339e+01 2.22518368e-01
]
[131.0810815    4.66705761   0.41120459
]
[8.89408735e+02 1.80859516e+01 1.25248736e-01
]
[261.28926249   7.0212398    0.3437051 
]
[7.85861346e+02 1.48852288e+01 1.26484877e-01
]
[5.52003087e+02 1.34744633e+01 2.23233644e-01
]
[6.41583240e+02 1.55872368e+01 1.82356708e-01
]
[5.85447120e+02 1.44534717e+01 1.98415326e-01
]
[8.49551050e+02 1.50496732e+01 2.95700064e-01
]
[6.06005136e+02 1.47997232e+01 1.65501086e-01
]
[1.58550115e+03 2.43075125e+01 1.75857466e-01
]
[2.60662837e+02 9.12376778e+00 1.47875944e-01
]
[8.72716520e+02 1.89167673e+01 1.15878207e-01
]
[4.98642772e+02 1.34591022e+01 1.47329466e-01
]
[223.05687043   5.51804691   0.44564343
]
[3.63971115e+02 8.77509556e+00 2.72553998e-01
]
[240.53683968   6.01402537   0.36427966
]
[3.65171611e+02 1.21114648e+01 1.60595542e-01
]
[3.54158585e+02 1.34098270e+01 8.39608456e-02
]
[4.50553719e+02 1.17324950e+01 2.61756071e-01
]
[2.49338116e+02 8.68944252e+00 2.33988818e-01
]
[168.54514418   5.34566705   0.36301627
]
[9.44650519e+02 1.74678354e+01 2.17469080e-01
]
[176.40047674   6.18320646   0.31226506
]
[4.35539582e+02 1.10234943e+01 2.66756193e-01
]
[9.28538824e+02 1.67738408e+01 2.02233482e-01
]
[2.88476527e+03 3.66721415e+01 5.38652123e-02
]
[153.85344342   6.2322095    0.31459422
]
[5.00578896e+02 1.20432471e+01 2.61754199e-01
]
[3.09076649e+03 4.28471050e+01 3.21551557e-02
]
[3.78084281e+02 1.04044528e+01 2.28527370e-01
]
[213.40684619   7.02009445   0.35519883
]
[6.81066005e+02 1.43409919e+01 2.48808993e-01
]
[5.10534625e+02 1.45345636e+01 1.43021874e-01
]
[1.09344947e+03 1.74748789e+01 2.38638768e-01
]
[5.58619393e+02 1.45401615e+01 1.98250450e-01
]
[5.30185006e+02 1.35244906e+01 2.86668329e-01
]
[8.23213272e+02 1.38314033e+01 2.97459261e-01
]
[4.03846567e+02 1.10533429e+01 2.18170618e-01
]
[1.60742564e+03 2.39485736e+01 1.37125159e-01
]
[5.71528766e+02 1.15353787e+01 3.07604688e-01
]
[364.11793925   7.58445213   0.45433004
]
[4.85248680e+02 1.08071206e+01 2.24148049e-01
]
[1.13531735e+03 2.34115531e+01 8.20157780e-02
]
[7.78843998e+02 1.78365398e+01 1.48882458e-01
]
[4.53903652e+02 1.16982853e+01 3.48324366e-01
]
[2.25755571e+02 1.02221300e+01 1.47769409e-01
]
[6.14295166e+02 1.31098666e+01 2.39137625e-01
]
[4.43162952e+02 1.10122190e+01 2.44962118e-01
]
[196.39079789   7.55632472   0.28278554
]
[4.50303762e+02 1.16361262e+01 1.96842157e-01
]
[263.59377163   9.19057286   0.30754825
]
[1.36071443e+03 2.51044675e+01 5.48200337e-02
]
[1.13566529e+03 1.91699819e+01 1.85910954e-01
]
[235.71544086   8.01208143   0.30701947
]
[2.34714833e+03 3.05894963e+01 1.20061240e-01
]
[1.21346668e+03 2.17599231e+01 1.81024915e-01
]
[172.20266005   6.34222059   0.38836298
]
[4.01021263e+02 9.76029479e+00 2.65690224e-01
]
[192.34562485   7.28896798   0.30319797
]
[275.12278179   8.28835017   0.33291388
]
[98.80821223  5.7903268   0.29984693
]
[1.18674554e+03 1.94880584e+01 1.24028813e-01
]
[1.47225501e+03 2.69244752e+01 9.24165128e-02
]
[1.81711379e+03 2.86739869e+01 1.34512822e-01
]
[1.78657567e+03 2.83246905e+01 8.82093449e-02
]
[1.34756499e+03 2.13945706e+01 1.55768451e-01
]
[252.32810023   8.1093555    0.27865462
]
[1.78194255e+03 2.67555248e+01 8.87046514e-02
]
[3.50169183e+02 9.30729775e+00 2.54543546e-01
]
[5.24115848e+02 1.33778990e+01 2.06425277e-01
]
[119.89098039   5.63840062   0.34580442
]
[7.57334671e+02 1.71857439e+01 1.12139358e-01
]
[9.89527013e+02 2.32079047e+01 5.03557923e-02
]
[258.96450596   7.88922722   0.37500759
]
[2.83138208e+02 1.05183237e+01 2.12623903e-01
]
[2.27503534e+02 8.52023519e+00 2.25619191e-01
]
[6.39504910e+02 1.29398261e+01 2.55580594e-01
]
[1.74668454e+03 2.90335409e+01 8.48005065e-02
]
[160.84269328   7.90622793   0.24009323
]
[6.40367674e+02 1.14047976e+01 3.60682205e-01
]
[3.15829804e+02 1.11217993e+01 1.36016079e-01
]
[3.38086446e+02 1.14106202e+01 1.77608262e-01
]
[1.79902840e+03 2.63454682e+01 9.52414357e-02
]
[68.37391772  3.75929258  0.36834978
]
[6.81775740e+02 1.31676206e+01 2.43759711e-01
]
[1.41033502e+03 2.19793227e+01 1.52965652e-01
]
[1.03535593e+03 2.12325796e+01 1.17004363e-01
]
[6.44274966e+02 1.29422849e+01 1.97530413e-01
]
[4.54428270e+02 1.17211935e+01 2.10028071e-01
]
[172.81438043   6.75317445   0.31308291
]
[3.36096099e+02 8.44515690e+00 3.21896243e-01
]
[6.97175532e+02 1.46525952e+01 1.85317896e-01
]
[1.56922564e+03 2.51746098e+01 1.03417007e-01
]
[1.99673871e+03 2.68760069e+01 1.19309479e-01
]
[1.90812511e+03 2.37991388e+01 2.33873776e-01
]
[4.24498546e+02 9.36352974e+00 2.37614366e-01
]
[1.16328597e+03 1.84598539e+01 2.38778105e-01
]
[5.66149189e+02 1.17024375e+01 3.20941045e-01
]
[1.31697482e+03 1.56988228e+01 3.27262543e-01
]
[180.88656671   6.82695886   0.35502029
]
[1.54696817e+03 2.29639523e+01 1.17468893e-01
]
[7.44280923e+02 1.66341407e+01 1.56725798e-01
]
[1.09137847e+03 1.94053518e+01 1.30347565e-01
]
[6.40706180e+02 1.48195167e+01 1.54390733e-01
]
[2.82289733e+03 3.61830834e+01 6.19574961e-02
]
[3.81050062e+02 1.07680115e+01 2.97293394e-01
]
[1.72920843e+03 2.48463822e+01 1.38598210e-01
]
[6.58217489e+02 1.16177519e+01 3.13548082e-01
]
[2.38952981e+03 2.79726259e+01 3.36892106e-01
]
[4.78816947e+02 1.11927105e+01 2.48717365e-01
]
[1.38100849e+03 2.43759792e+01 1.17129762e-01
]
[5.19487259e+02 1.43069127e+01 1.68490134e-01
]
[4.27959921e+02 1.15980641e+01 1.96155763e-01
]
[121.89293349   5.01890042   0.40249121
]
[1.19566095e+03 2.20560036e+01 9.79592825e-02
]
[5.21570178e+02 1.45858697e+01 1.05993459e-01
]
[3.73293518e+02 1.21130181e+01 3.11357396e-01
]
[9.38652057e+02 1.68409381e+01 2.44634203e-01
]
[353.23998462   8.42992695   0.37812088
]
[6.06605629e+02 1.42698501e+01 1.38552335e-01
]
[5.83025469e+02 1.24401700e+01 2.17747938e-01
]
[325.43074095   8.55198623   0.3437495 
]
[233.28174041   6.8384244    0.3855151 
]
[8.04712063e+02 1.77022737e+01 1.46615968e-01
]
[3.33011224e+02 1.05467963e+01 2.21070703e-01
]
[3.80201913e+02 1.22243133e+01 1.47443347e-01
]
[3.34194846e+02 8.56555326e+00 2.76298112e-01
]
[4.11482089e+02 1.14931090e+01 2.45703485e-01
]
[2.71612392e+03 3.50413533e+01 8.87740685e-02
]
[5.19173518e+02 1.13954325e+01 2.95262158e-01
]
[111.19841599   4.20682814   0.48774344
]
[6.51481507e+02 1.62784929e+01 1.76962786e-01
]
[2.80181499e+02 9.34963476e+00 2.04212657e-01
]
[2.62217317e+02 8.93333646e+00 2.39259875e-01
]
[155.92794145   6.37821355   0.35856568
]
[4.47514324e+02 1.31918121e+01 1.70910510e-01
]
[361.41700884   9.22637447   0.38058498
]
[239.75453498   7.97973658   0.24427481
]
[1.37937464e+03 2.38722953e+01 9.10274050e-02
]
[209.99994165   6.33381475   0.39802537
]
[186.4573318    6.3272895    0.31822521
]
[89.40636678  5.62425221  0.32862911
]
[8.19736724e+02 1.69755739e+01 1.54874357e-01
]
[4.60312557e+02 1.34425836e+01 1.28257218e-01
]
[9.58532470e+02 1.93006204e+01 1.20663268e-01
]
[3.25991388e+02 1.07195694e+01 1.72156654e-01
]
[1.17243857e+03 2.22302191e+01 9.11986483e-02
]
[3.30961014e+02 9.99294724e+00 2.57658751e-01
]
[6.32080246e+02 1.50813995e+01 2.36331830e-01
]
[4.09266776e+02 1.13073754e+01 1.75935841e-01
]
[7.59139377e+02 1.42351403e+01 3.50312585e-01
]
[1.05698779e+03 1.66954710e+01 3.28483920e-01
]
[1.24648098e+03 2.33071558e+01 1.02185196e-01
]
[322.87952326   6.27913879   0.44595307
]
[5.47937947e+02 1.25176624e+01 2.43563711e-01
]
[5.70188830e+02 1.13377998e+01 2.36425970e-01
]
[1.91235010e+03 2.34944643e+01 1.73404889e-01
]
[4.64674577e+02 1.23766283e+01 1.92017907e-01
]
[3.49634264e+02 1.15246136e+01 1.48307750e-01
]
[1.37604032e+03 2.08792526e+01 1.85725094e-01
]
[3.20749560e+02 9.01043107e+00 2.51447632e-01
]
[3.65818744e+02 1.16564490e+01 1.48497415e-01
]
[198.5151489    5.72887051   0.42780674
]
[1.39048904e+03 1.95115725e+01 1.71810871e-01
]
[8.04284697e+02 1.74674989e+01 1.25999716e-01
]
[8.46890196e+02 1.77806228e+01 1.48326111e-01
]
[5.66759153e+02 1.06695697e+01 2.96744336e-01
]
[4.13987774e+02 1.21783160e+01 2.00461560e-01
]
[6.12869307e+02 1.34803299e+01 1.99046699e-01
]
[4.91698531e+02 1.07239831e+01 2.74354878e-01
]
[6.82942699e+02 1.59919877e+01 1.79923445e-01
]
[3.72633640e+02 9.64009282e+00 2.35836287e-01
]
[1.97793412e+03 3.31934179e+01 3.48208168e-02
]
[163.21765139   6.63184411   0.29525926
]
[5.98455794e+02 1.03902499e+01 3.27103986e-01
]
[8.01162907e+02 1.49703037e+01 2.88884807e-01
]
[5.23888535e+02 1.11942791e+01 3.11485590e-01
]
[7.32847151e+02 1.55540484e+01 1.75976094e-01
]
[1.47879257e+03 2.02364475e+01 2.04017776e-01
]
[346.00227605   9.15128028   0.39112846
]
[226.5677269    8.00010946   0.28646053
]
[114.31141553   4.74918001   0.44436859
]
[3.48171155e+02 8.23464377e+00 2.52069554e-01
]
[1.01428957e+03 2.07286582e+01 1.19910792e-01
]
[3.47436986e+02 1.01667974e+01 3.36933969e-01
]
[6.68937670e+02 1.53237063e+01 1.87453928e-01
]
[1.09329341e+03 2.41950019e+01 5.37483785e-02
]
[6.26200356e+02 1.43491480e+01 1.98786744e-01
]
[9.20564660e+02 2.12721415e+01 6.19480596e-02
]
[6.08382445e+02 1.45083435e+01 1.36564190e-01
]
[6.26664514e+02 1.26843214e+01 3.36103969e-01
]
[2.84996617e+02 1.10404152e+01 1.24959152e-01
]
[131.60978085   5.37491734   0.45975906
]
[9.49536394e+02 1.21144483e+01 3.62448103e-01
]
[4.58478201e+02 1.28262651e+01 1.65149319e-01
]
[8.05364336e+02 1.72254606e+01 1.67685758e-01
]
[1.66671071e+03 2.64291580e+01 1.20439311e-01
]
[6.22164808e+02 1.43899969e+01 1.64003122e-01
]
[9.08485813e+02 1.30053979e+01 2.86974194e-01
]
[4.92546474e+02 1.10935032e+01 3.06061221e-01
]
[155.42494425   6.11655517   0.33013694
]
[1.14977735e+03 1.87912649e+01 1.43669474e-01
]
[138.52298347   4.81893118   0.46397881
]
[8.01962414e+02 1.44756632e+01 3.00074909e-01
]
[7.63238565e+02 1.42414793e+01 2.23663803e-01
]
[1.40091665e+03 2.67781776e+01 6.59979434e-02
]
[1.10118951e+03 1.84490888e+01 1.95973370e-01
]
[3.68943514e+02 1.19676740e+01 1.75708423e-01
]
[87.60732026  4.03134179  0.47216475
]
[2.55776932e+02 1.03741176e+01 1.43747958e-01
]
[4.99920005e+02 1.19419103e+01 2.41795716e-01
]
[7.87924460e+02 1.42543637e+01 2.73078267e-01
]
[9.38903560e+02 1.78590696e+01 2.47454476e-01
]
[9.86931226e+02 1.92722030e+01 9.43740605e-02
]
[1.22212748e+03 1.83377119e+01 2.28996712e-01
]
[2.08805813e+02 9.38817378e+00 1.79852178e-01
]
[5.20704145e+02 1.31286582e+01 2.92933288e-01
]
[2.10116201e+03 3.11719800e+01 5.73040100e-02
]
[4.23998247e+02 8.18248366e+00 3.57613846e-01
]
[252.22105344   7.29544022   0.25791423
]
[153.86329873   5.21084198   0.38603344
]
[114.71023331   5.58804028   0.36929986
]
[5.16551932e+02 1.15501248e+01 3.15336779e-01
]
[2.54630527e+02 1.08189773e+01 1.44577161e-01
]
[1.35238495e+03 1.81829853e+01 3.67259819e-01
]
[197.84882737   6.14634371   0.36870018
]
[2.98646886e+03 3.57976786e+01 7.86596863e-02
]
[66.53756248  2.86546713  0.43885357
]
[1.35095145e+03 2.50829373e+01 1.31042440e-01
]
[249.94717416   7.7638293    0.32843857
]
[1.40903689e+03 2.42792772e+01 1.86201383e-01
]
[1.33407096e+03 2.29521145e+01 1.17706042e-01
]
[9.02483933e+02 1.96423820e+01 9.58478136e-02
]
[4.48645535e+03 4.90356478e+01 4.22538695e-02
]
[1.05527353e+03 2.16773395e+01 1.00734877e-01
]
[1.15851386e+03 2.09622760e+01 1.30479725e-01
]
[6.84968674e+02 1.50348943e+01 2.05834149e-01
]
[227.52079969   8.2196386    0.3346629 
]
[2.33333943e+02 8.95666792e+00 1.82823942e-01
]
[7.07041077e+02 1.52686505e+01 1.85975233e-01
]
[1.16942382e+03 1.68333410e+01 2.55056595e-01
]
[5.48879892e+02 1.08007228e+01 2.00523604e-01
]
[3.78476620e+02 1.12505183e+01 2.02620911e-01
]
[3.28584459e+02 1.10553106e+01 2.17506729e-01
]
[3.24950074e+02 8.59927381e+00 2.38817620e-01
]
[4.32421618e+02 1.19801252e+01 2.10870739e-01
]
[1.07263903e+03 1.97700115e+01 1.24648431e-01
]
[6.02139977e+02 1.29419762e+01 3.37937670e-01
]
[3.24179839e+02 1.17142945e+01 1.21735729e-01
]
[1.61122248e+03 2.43988620e+01 9.67783293e-02
]
[1.17082536e+03 2.10153250e+01 1.30677546e-01
]
[1.00461953e+03 1.81401065e+01 1.66676638e-01
]
[1.34417729e+03 2.28803691e+01 1.26740853e-01
]
[1.73303245e+03 2.58862310e+01 1.26543312e-01
]
[76.41934071  4.25045349  0.393973  
]
[234.24974847   7.24738023   0.34227386
]
[193.32893792   6.77334039   0.31465021
]
[1.01331737e+03 2.10365552e+01 1.00252321e-01
]
[45.18431373  3.50474433  0.48732712
]
[9.34108957e+02 1.42207095e+01 2.19663147e-01
]
[5.49834589e+02 1.48310780e+01 1.54843821e-01
]
[4.11621207e+02 1.24748174e+01 1.53112774e-01
]
[3.56308389e+02 1.05434064e+01 2.31055830e-01
]
[1.12080057e+03 1.85582451e+01 1.67768776e-01
]
[1.02864923e+03 1.87832987e+01 1.80841963e-01
]
[5.71561558e+02 1.43998919e+01 1.72684892e-01
]
[171.03464821   5.03031142   0.41457483
]
[6.96387674e+02 1.31055076e+01 2.64203633e-01
]
[1.85299012e+03 2.40622693e+01 1.48407518e-01
]
[7.92018718e+02 1.50862419e+01 2.53076694e-01
]
[3.27974261e+02 9.57327649e+00 2.48636671e-01
]
[4.16907878e+02 1.16583005e+01 2.02894553e-01
]
[2.06458072e+03 2.72844752e+01 1.16995566e-01
]
[2.60996418e+03 2.97978403e+01 1.43426975e-01
]
[3.30054871e+02 1.06541792e+01 2.87364880e-01
]
[1.39684591e+03 2.09595696e+01 1.16934655e-01
]
[4.36131983e+03 4.48741561e+01 5.36831391e-02
]
[3.56906913e+02 1.02063538e+01 2.62449246e-01
]
[5.01062919e+02 1.28964280e+01 2.65559380e-01
]
[1.01890316e+03 2.19343329e+01 1.14011092e-01
]
[6.40498424e+02 1.23033295e+01 2.62304498e-01
]
[8.05886392e+02 1.80022362e+01 1.92745724e-01
]
[8.49472649e+02 1.78013841e+01 1.64492763e-01
]
[4.29453641e+02 1.29916647e+01 1.10503699e-01
]
[1.10980394e+03 1.42130719e+01 2.69791164e-01
]
[4.69720732e+02 9.60437641e+00 3.01717677e-01
]
[132.3987697    4.10632834   0.40540889
]
[2.90572903e+02 1.04432910e+01 1.56676509e-01
]
[6.11722238e+02 1.36746332e+01 2.65095039e-01
]
[4.80172812e+02 8.89045787e+00 3.03762239e-01
]
[180.40522876   6.97740869   0.36844867
]
[9.44001201e+02 1.88086829e+01 1.16849944e-01
]
[5.99003660e+02 1.41925260e+01 1.52387813e-01
]
[103.71201845   4.70083814   0.38101208
]
[203.83151096   5.73539408   0.38742031
]
[1.71554760e+03 2.21697962e+01 1.49580509e-01
]
[1.16277384e+03 1.86256209e+01 2.37957626e-01
]
[1.63349023e+03 2.17446213e+01 2.05583571e-01
]
[3.14868706e+02 9.16732345e+00 3.02109824e-01
]
[3.17636283e+02 9.03316757e+00 2.65161023e-01
]
[6.82823868e+02 1.40076278e+01 2.06072918e-01
]
[1.06895163e+03 1.58814719e+01 2.65149523e-01
]
[214.73584875   6.82412882   0.38637318
]
[156.53634756   6.78037678   0.24952388
]
[174.56082844   7.31305719   0.26219814
]
[2.99279293e+02 1.20031373e+01 1.21542073e-01
]
[5.44628150e+02 1.24502368e+01 2.22519822e-01
]
[3.17479106e+02 9.00169662e+00 2.60263807e-01
]
[9.27239539e+02 1.98316186e+01 1.24615447e-01
]
[249.78203768   7.65688581   0.31439545
]
[1.98379819e+03 2.57652134e+01 2.61575539e-01
]
[168.53394848   6.4504729    0.3628322 
]
[6.35435651e+02 1.59294896e+01 2.13740227e-01
]
[5.65445847e+02 1.59804685e+01 1.04162464e-01
]
[4.60510711e+02 1.07914033e+01 1.87543591e-01
]
[35.5510496   3.36041522  0.39731421
]
[7.42140408e+02 1.59382391e+01 2.05197822e-01
]
[5.91488432e+02 1.35209577e+01 1.78570541e-01
]
[164.05808535   5.56218378   0.3910295 
]
[9.27032688e+02 1.46472052e+01 3.56827850e-01
]
[2.93272034e+02 9.75274125e+00 2.89288692e-01
]
[1.73948880e+03 2.74247905e+01 1.43924917e-01
]
[6.75296763e+02 1.48655133e+01 1.84760817e-01
]
[4.21664417e+02 9.72884378e+00 3.10016144e-01
]
[1.41593075e+03 1.90446597e+01 2.21221574e-01
]
[5.80710311e+02 1.56521953e+01 1.01562746e-01
]
[8.02886874e+02 1.83925413e+01 1.68324931e-01
]
[3.97231794e+02 1.15905678e+01 1.69122562e-01
]
[292.48239606   7.68048546   0.39150414
]
[8.91288827e+02 1.72563168e+01 1.47187631e-01
]
[241.1890965    6.89268743   0.41588186
]
[8.02163168e+02 1.45050058e+01 1.95479246e-01
]
[250.95069589   6.57391772   0.34489102
]
[311.05271819   6.30193003   0.4443589 
]
[233.99440215   7.05134948   0.31688732
]
[8.46550665e+02 1.71865129e+01 2.96710636e-01
]
[5.56846192e+02 1.40796242e+01 2.48784540e-01
]
[2.6191640e+03 3.5390496e+01 5.0238964e-02
]
[6.52345805e+02 1.55497424e+01 1.86298859e-01
]
[5.29458131e+02 1.71152172e+01 6.48935572e-02
]
[3.08335425e+02 7.32390619e+00 2.90803206e-01
]
[7.34958482e+02 1.60821761e+01 1.49470898e-01
]
[265.90623606   8.52061515   0.31533662
]
[1.46751474e+03 2.13445825e+01 1.77912224e-01
]
[6.69134702e+02 1.28568089e+01 3.05412828e-01
]
[4.50744554e+02 9.99020425e+00 3.14684520e-01
]
[5.15578485e+02 1.46097501e+01 2.41058329e-01
]
[7.46912680e+02 1.43364398e+01 3.07988001e-01
]
[8.54919862e+02 1.69594156e+01 1.91996819e-01
]
[7.41121815e+02 1.87092349e+01 1.14628609e-01
]
[3.51078126e+02 9.14833928e+00 3.00843792e-01
]
[5.36872787e+02 1.51002076e+01 1.04437828e-01
]
[3.27804752e+02 7.75717032e+00 3.00598806e-01
]
[1.30912236e+03 2.43998021e+01 8.17589747e-02
]
[2.97623914e+02 1.18310650e+01 1.16964916e-01
]
[8.74371565e+02 2.16677432e+01 5.59742931e-02
]
[1.39507436e+03 2.56053210e+01 6.41259351e-02
]
[7.90844539e+02 1.38739576e+01 2.36007556e-01
]
[5.22714888e+02 1.38116636e+01 1.43707126e-01
]
[1.37416351e+03 2.48395571e+01 7.57384478e-02
]
[5.48052057e+02 1.40109343e+01 2.22567022e-01
]
[4.76147636e+02 1.09719339e+01 2.52125697e-01
]
[148.48684352   4.93596309   0.45147855
]
[3.50246534e+02 1.01091310e+01 2.69513253e-01
]
[6.76939869e+02 1.17917570e+01 2.86898717e-01
]
[3.45350361e+03 3.69978008e+01 1.41168781e-01
]
[144.8755248    4.68092272   0.36984568
]
[91.56865821  5.90560554  0.23698024
]
[268.31134179   6.30149942   0.48436968
]
[237.27566611   8.24139445   0.26714721
]
[4.03252826e+02 1.01735486e+01 3.61673797e-01
]
[5.29353833e+02 1.26789235e+01 3.22909294e-01
]
[118.43295656   6.29264129   0.26573421
]
[4.17869450e+02 1.27041138e+01 1.75795278e-01
]
[5.73009704e+02 1.42536870e+01 1.89826578e-01
]
[1.45224864e+03 2.36486582e+01 1.00630162e-01
]
[6.28411611e+02 1.37087120e+01 2.13663720e-01
]
[6.05175408e+02 1.01526084e+01 3.00247787e-01
]
[5.06135225e+02 1.21230142e+01 3.90189931e-01
]
[6.36160984e+02 1.48748943e+01 1.48507334e-01
]
[3.29322030e+02 9.70834295e+00 2.05295844e-01
]
[3.71438912e+02 1.08992588e+01 1.88863211e-01
]
[6.50629466e+02 1.74503806e+01 9.27555108e-02
]
[4.08000661e+02 1.05871126e+01 2.57667583e-01
]
[4.05452055e+02 1.16445402e+01 1.68114282e-01
]
[5.66350988e+02 1.25630509e+01 3.09607051e-01
]
[179.27026256   5.94552091   0.38278608
]
[7.66347678e+02 1.45520563e+01 1.84062995e-01
]
[4.13222022e+02 1.11686582e+01 2.01554530e-01
]
[5.42169950e+02 1.14852288e+01 3.49468038e-01
]
[4.39432040e+02 1.18375571e+01 2.11602336e-01
]
[9.87528674e+02 1.92340792e+01 1.35350307e-01
]
[5.82979362e+02 1.35317955e+01 2.84822361e-01
]
[1.36594590e+03 2.38357555e+01 6.51734100e-02
]
[6.07046059e+02 1.68096271e+01 1.26598321e-01
]
[227.69680053   7.84867392   0.34033094
]
[5.13735188e+02 1.17488723e+01 2.73833389e-01
]
[8.46764767e+02 1.55444983e+01 3.47933808e-01
]
[9.17239047e+02 1.70285429e+01 3.21826786e-01
]
[8.20444064e+02 1.68258741e+01 1.65857025e-01
]
[4.05342253e+02 1.11484814e+01 2.29576746e-01
]
[9.92660161e+02 1.86063360e+01 2.11369327e-01
]
[9.66228374e+02 1.78059823e+01 1.26349909e-01
]
[7.36049827e+02 1.31871126e+01 2.34865901e-01
]
[156.52796617   6.32985775   0.25713723
]
[5.53723710e+02 1.41138777e+01 1.83086777e-01
]
[80.68491812  4.02076889  0.39506317
]
[3.12364343e+02 9.87669669e+00 1.96619634e-01
]
[4.13769150e+02 1.14339562e+01 1.78158237e-01
]
[1.07582581e+03 2.12865975e+01 1.08461047e-01
]
[3.68269496e+02 1.22836755e+01 1.44335292e-01
]
[124.83123414   5.35721646   0.31688103
]
[7.73471096e+02 1.37578777e+01 2.42663812e-01
]
[8.20023007e+02 1.74884737e+01 1.72049237e-01
]
[124.12852828   4.99548999   0.3717573 
]
[1.27651156e+03 2.40133487e+01 7.54025730e-02
]
[3.92900210e+02 9.94924429e+00 3.59448236e-01
]
[5.30824984e+02 1.20058032e+01 2.34108786e-01
]
[2.29906451e+02 9.33890282e+00 2.07268607e-01
]
[8.00636601e+02 1.57742253e+01 1.15926563e-01
]
[1.68248938e+03 2.50266205e+01 2.09316666e-01
]
[1.16127373e+03 1.98962860e+01 2.12331840e-01
]
[1.11831720e+03 2.22225606e+01 1.32807998e-01
]
[3.86518908e+02 1.26643291e+01 1.53903881e-01
]
[2.57360793e+02 8.79029837e+00 2.22768974e-01
]
[1.92725844e+02 8.60681276e+00 1.82611427e-01
]
[3.59577178e+02 1.19399308e+01 2.64727983e-01
]
[2.96879835e+03 3.44835525e+01 7.31615144e-02
]
[285.6596386    7.27068051   0.40645788
]
[3.43355598e+02 1.09323734e+01 1.71843257e-01
]
[330.45433937   7.2616088    0.36785512
]
[7.44062301e+02 1.54179646e+01 1.40250446e-01
]
[9.07109527e+02 1.75139562e+01 1.70020751e-01
]
[3.48603240e+02 1.09211860e+01 1.85611083e-01
]
[208.29630852   8.4373659    0.23209299
]
[1.02441249e+03 2.01406455e+01 1.15318832e-01
]
[7.65413642e+02 1.34254107e+01 2.13623207e-01
]
[5.92762138e+02 1.53351173e+01 1.48328093e-01
]
[3.10478467e+02 9.04877400e+00 2.84173617e-01
]
[6.37439522e+02 1.49256638e+01 1.65205800e-01
]
[2.41232324e+03 3.56951788e+01 3.95842110e-02
]
[4.11778270e+02 1.25107574e+01 2.18082454e-01
]
[113.82010971   4.2886519    0.44864705
]
[200.88825836   8.05448674   0.29561753
]
[2.43433879e+02 9.27883122e+00 1.88058743e-01
]
[1.54511882e+03 2.28424913e+01 1.93184973e-01
]
[4.19295040e+02 1.22447982e+01 1.42449336e-01
]
[131.65816225   6.28767397   0.30603398
]
[8.11074455e+02 1.45091747e+01 1.43496647e-01
]
[1.22104569e+03 2.04270665e+01 2.33583266e-01
]
[1.21406085e+03 2.18364168e+01 1.67183161e-01
]
[2.65315068e+02 8.99352599e+00 2.26762090e-01
]
[1.15766494e+03 1.98354940e+01 1.73683517e-01
]
[191.07184929   7.71317186   0.32782446
]
[1.21302983e+03 2.06284229e+01 1.05414814e-01
]
[5.33149773e+02 1.21200461e+01 2.68795606e-01
]
[8.57024637e+02 1.80542714e+01 2.20489765e-01
]
[1.03244677e+03 1.90812611e+01 1.17640683e-01
]
[1.36953816e+03 2.13778854e+01 2.13242960e-01
]
[1.07304043e+03 1.58553787e+01 2.48991649e-01
]
[98.08432947  3.310924    0.53861882
]
[9.93935579e+02 1.73623529e+01 1.39107275e-01
]
[1.56016160e+03 2.02022607e+01 1.88043660e-01
]
[262.80554052   7.65907482   0.32366478
]
[328.55696659   9.62379426   0.36360453
]
[7.24135671e+02 1.26848135e+01 3.00571436e-01
]
[3.83071940e+02 8.66598436e+00 3.48331298e-01
]
[1.51505598e+03 2.08907237e+01 1.31959531e-01
]
[7.75592771e+02 1.33986925e+01 2.47684361e-01
]
[4.47135471e+02 1.25365629e+01 1.68076947e-01
]
[7.60299193e+02 1.45330719e+01 1.74119667e-01
]
[3.48123607e+02 9.71700601e+00 2.94414771e-01
]
[8.22514559e+02 1.68324420e+01 1.74904353e-01
]
[4.10218129e+02 1.10967543e+01 2.28532278e-01
]
[168.99483276   6.64770473   0.32352444
]
[1.09117736e+03 1.97735160e+01 1.17378336e-01
]
[2.27934505e+02 8.06951092e+00 1.81833510e-01
]
[1.48367914e+03 1.91564783e+01 3.17371394e-01
]
[9.22335991e+02 1.96996339e+01 1.14636170e-01
]
[314.99849289   8.69525567   0.40293744
]
[6.50716632e+02 1.50051672e+01 2.10985256e-01
]
[5.78521307e+02 1.33388082e+01 2.36445432e-01
]
[3.48982564e+02 9.37181773e+00 2.57449474e-01
]
[249.07880649   6.97283892   0.36737736
]
[41.71655517  2.37008843  0.53612217
]
[177.87010949   7.05439238   0.32030479
]
[6.26973933e+02 1.52231911e+01 1.34186400e-01
]
[5.06441562e+02 1.21426073e+01 2.32203797e-01
]
[8.39220392e+02 1.89608612e+01 1.29481455e-01
]
[115.51309496   5.56304498   0.33840237
]
[8.10854379e+02 1.79765629e+01 1.06999953e-01
]
[5.69328981e+02 1.44170857e+01 1.65280126e-01
]
[221.07920031   7.23633987   0.22445312
]
[4.51926459e+02 9.77962322e+00 3.74670895e-01
]
[2.99158269e+02 8.33112842e+00 2.43770401e-01
]
[4.22851697e+02 9.65535041e+00 3.32808227e-01
]
[203.65919262   6.97416378   0.36743031
]
[1.00664178e+03 1.98303729e+01 1.77838171e-01
]
[3.12720861e+02 1.00693579e+01 2.33089847e-01
]
[4.49426159e+02 1.28833526e+01 1.50554687e-01
]
[5.33780183e+02 1.24963706e+01 2.68346864e-01
]
[1.13290842e+03 1.76360477e+01 2.54617784e-01
]
[9.18367628e+02 1.33285198e+01 3.92406580e-01
]
[3.32432018e+02 1.14674971e+01 2.02258487e-01
]
[1.39566015e+03 2.21194156e+01 1.29487448e-01
]
[283.02753605   8.87933547   0.28447603
]
[8.29719818e+02 1.61699815e+01 1.63714861e-01
]
[4.11054517e+02 1.11733948e+01 2.01967072e-01
]
[1.04110530e+03 1.85269973e+01 1.02308760e-01
]
[9.28966310e+02 1.92784133e+01 1.14718469e-01
]
[193.46498718   7.07873585   0.30387193
]
[4.48295349e+02 1.26703415e+01 1.83158072e-01
]
[8.67372611e+02 1.78046290e+01 1.40064188e-01
]
[1.65071012e+03 2.46634403e+01 1.10050956e-01
]
[7.13416566e+02 1.77000319e+01 1.38629969e-01
]
[1.15222799e+03 2.35653210e+01 6.02450901e-02
]
[7.26832567e+02 1.22212892e+01 3.06034213e-01
]
[232.34118346   8.29527116   0.25217397
]
[127.20293733   7.60770473   0.19645954
]
[7.10264133e+02 1.46319102e+01 2.04467143e-01
]
[6.67027828e+02 1.34110283e+01 2.38995985e-01
]
[109.93068691   5.82692226   0.27729945
]
[5.55400941e+02 1.29534800e+01 2.17104221e-01
]
[1.40494068e+03 2.27623837e+01 9.22172011e-02
]
[1.21379707e+03 1.84792300e+01 2.69062967e-01
]
[4.27259626e+02 1.17257021e+01 2.05409459e-01
]
[3.92597577e+02 1.05863069e+01 3.18000936e-01
]
[354.99283841  10.04462117   0.37037325
]
[1.90212449e+03 2.83898115e+01 6.87344216e-02
]
[1.09393582e+03 2.30668051e+01 1.06315294e-01
]
[296.57287197   9.68189158   0.342226  
]
[5.35486081e+02 1.20626341e+01 1.93486188e-01
]
[253.78017686   8.8130719    0.29340514
]
[1.89225619e+03 3.28516571e+01 3.37220415e-02
]
[240.08839677   6.18005383   0.3252842 
]
[4.80935994e+02 1.33275663e+01 1.38922026e-01
]
[1.24986196e+03 2.34082276e+01 1.11439200e-01
]
[6.46734318e+02 1.04495963e+01 3.28091862e-01
]
[255.93850058   7.27334102   0.33019821
]
[5.88062457e+02 1.29297867e+01 2.20972207e-01
]
[127.44236832   5.31309496   0.40226973
]
[8.17503102e+02 1.51792480e+01 2.08681905e-01
]
[1.35702197e+03 2.30514922e+01 2.11630355e-01
]
[4.31756309e+02 1.03783775e+01 2.98588709e-01
]
[105.28978085   5.31816993   0.30159881
]
[5.86408643e+02 1.69208766e+01 1.00356291e-01
]
[174.74157632   8.11052672   0.19096903
]
[3.69394401e+02 1.10390695e+01 2.19413866e-01
]
[298.22031526   8.75044983   0.41883717
]
[1.36166671e+03 2.66483353e+01 7.24261970e-02
]
[8.29225668e+02 1.61112449e+01 1.72825820e-01
]
[1.15627585e+03 2.02216840e+01 1.91937828e-01
]
[4.37706418e+02 9.00628636e+00 2.85636773e-01
]
[257.42836585   7.41035008   0.34873233
]
[3.02464047e+02 1.01227041e+01 2.36432500e-01
]
[6.17014087e+02 1.40459362e+01 2.69430718e-01
]
[66.17131872  4.54871203  0.33332295
]
[264.64861207   6.5959554    0.52533763
]
[2.08622853e+02 8.03006536e+00 2.00912889e-01
]
[323.70171473   7.59477124   0.41935905
]
[123.5810842    5.36891965   0.36760254
]
[1.36138575e+03 2.28905048e+01 1.09450296e-01
]
[6.72416747e+02 1.25463435e+01 2.62427212e-01
]
[184.46758939   5.18109958   0.56507849
]
[7.32461438e+02 1.75385928e+01 1.13665964e-01
]
[5.78378745e+02 1.29280353e+01 1.78799142e-01
]
[4.56163122e+02 1.06827989e+01 2.28521236e-01
]
[6.33961892e+02 1.61864821e+01 1.08822194e-01
]
[8.39670819e+02 1.51400077e+01 2.67160691e-01
]
[3.95765967e+02 8.55455594e+00 2.68266377e-01
]
[1.13258753e+03 1.78575003e+01 1.45598051e-01
]
[5.63120938e+02 1.44111803e+01 2.24197475e-01
]
[4.58433341e+02 1.25714418e+01 1.91525450e-01
]
[8.97430741e+02 1.61499500e+01 1.66447421e-01
]
[5.67404706e+02 1.21779162e+01 2.74322485e-01
]
[5.53201218e+02 1.31620604e+01 1.35422674e-01
]
[5.32408865e+02 1.10643206e+01 2.67846018e-01
]
[7.75334010e+02 1.58612226e+01 1.85512568e-01
]
[1.44429807e+03 2.20196540e+01 2.89933122e-01
]
[4.56109477e+02 1.15146566e+01 1.69571192e-01
]
[4.97189512e+02 1.16595156e+01 2.44500223e-01
]
[6.83833937e+02 1.64964678e+01 1.35936078e-01
]
[277.32164552   9.80158401   0.30375522
]
[7.02491837e+02 1.58100332e+01 1.26176913e-01
]
[2.90158285e+02 9.59539000e+00 2.77577607e-01
]
[9.32374271e+02 2.27794387e+01 5.29367408e-02
]
[3.29774611e+02 8.45222835e+00 2.85935305e-01
]
[116.15100346   4.8688812    0.42038326
]
[347.74759179   8.6813192    0.35098038
]
[2.64100000e+02 9.45133507e+00 1.78984164e-01
]
[3.32031449e+02 1.35627682e+01 7.95093685e-02
]
[8.59255286e+02 1.84369858e+01 1.15676549e-01
]
[5.09411162e+02 1.29378714e+01 1.84383988e-01
]
[151.19856978   4.56862745   0.48143842
]
[3.76042599e+02 1.26436909e+01 1.55559642e-01
]
[1.08152783e+03 1.84316340e+01 2.51719842e-01
]
[9.72621284e+02 2.00065359e+01 1.63077865e-01
]
[3.54593326e+02 1.09395617e+01 2.35861453e-01
]
[3.62423391e+02 1.07341023e+01 2.42540143e-01
]
[263.98572277   7.52456684   0.32194503
]
[109.50740484   4.03975394   0.49519258
]
[7.56728225e+02 1.70424985e+01 1.42454591e-01
]
[134.78768499   5.51583045   0.40951231
]
[7.07861612e+02 1.62595245e+01 1.31152031e-01
]
[3.79832274e+02 1.01373158e+01 1.86794314e-01
]
[4.20253702e+02 1.37872972e+01 1.55918853e-01
]
[308.21034987   7.75332564   0.34001061
]
[3.97065474e+02 1.09486375e+01 2.06390376e-01
]
[1.00636883e+03 1.97390388e+01 1.90629323e-01
]
[2.01311760e+03 3.23404844e+01 4.27746042e-02
]
[1.80561441e+03 2.79178082e+01 8.26162832e-02
]
[5.29569308e+02 1.25442370e+01 2.72178115e-01
]
[1.13414532e+03 1.77758743e+01 2.62365478e-01
]
[6.99530980e+02 1.61274279e+01 1.72285139e-01
]
[5.86680521e+02 1.33507048e+01 2.15254112e-01
]
[6.53578940e+02 1.44543599e+01 1.41548599e-01
]
[3.69422576e+02 1.11471874e+01 1.91037493e-01
]
[6.48389942e+02 1.31909039e+01 2.35641240e-01
]
[1.00677343e+03 1.78487659e+01 1.82083764e-01
]
[7.31195448e+02 1.46123491e+01 3.19079765e-01
]
[127.36229143   4.20393695   0.54492994
]
[212.30191465   6.54022299   0.31622475
]
[2.54957939e+03 2.99059131e+01 2.01220031e-01
]
[5.29729919e+02 1.42502115e+01 1.35802135e-01
]
[4.71997835e+02 1.26951187e+01 2.66286398e-01
]
[1.06126348e+03 1.98944714e+01 2.25520898e-01
]
[2.65770273e+02 1.02443676e+01 2.01891961e-01
]
[5.45165106e+02 1.51191849e+01 1.01555556e-01
]
[1.24692817e+03 2.02387554e+01 2.05490530e-01
]
[7.99589865e+02 1.88752787e+01 9.80432856e-02
]
[1.41688311e+03 2.40979316e+01 1.95202494e-01
]
[3.71063771e+02 9.81766435e+00 3.18946781e-01
]
[1.47144043e+03 2.14294810e+01 2.19109261e-01
]
[421.00364475   9.16515186   0.43123552
]
[8.98340069e+02 1.71270588e+01 1.94671138e-01
]
[293.54357213   6.31499952   0.4462183 
]
[4.77689506e+03 5.05118800e+01 3.99853177e-02
]
[1.73705003e+03 2.90871511e+01 5.20311250e-02
]
[1.46601758e+03 2.82608074e+01 5.15101544e-02
]
[7.02750557e+02 1.42023991e+01 3.10240765e-01
]
[195.87054966   5.91071858   0.39182691
]
[7.47794171e+02 1.58713418e+01 1.40101444e-01
]
[5.05773626e+02 1.15642599e+01 1.99905065e-01
]
[4.70892857e+02 1.09491426e+01 2.41169909e-01
]
[4.82752081e+02 9.35501255e+00 3.45342386e-01
]
[6.83186513e+02 1.51248135e+01 1.84517724e-01
]
[4.26842403e+02 1.22437718e+01 2.01046131e-01
]
[1.13287917e+03 1.78420726e+01 2.16889588e-01
]
[1.56925344e+03 2.48438447e+01 1.00950791e-01
]
[6.98654548e+02 1.67793003e+01 1.08764867e-01
]
[3.49298612e+03 3.64431976e+01 1.05643328e-01
]
[5.78588835e+02 1.25914494e+01 2.18184138e-01
]
[7.40422299e+02 1.66157632e+01 2.29145719e-01
]
[3.26196509e+02 1.18047213e+01 1.96555713e-01
]
[8.76408207e+02 1.46928129e+01 3.00696219e-01
]
[3.62878673e+02 1.12192587e+01 2.38367720e-01
]
[6.20612106e+02 1.61802733e+01 1.21413599e-01
]
[133.28615148   6.26691273   0.28858151
]
[1.02415851e+03 1.75665206e+01 2.23554817e-01
]
[9.89378301e+02 1.76194079e+01 1.57710783e-01
]
[1.08785264e+03 1.95318108e+01 2.64249086e-01
]
[5.88199031e+02 1.39821607e+01 1.76757052e-01
]
[6.76444229e+02 1.63383929e+01 1.15859555e-01
]
[3.11170196e+02 8.93444060e+00 2.91253687e-01
]
[3.82024052e+02 1.12946098e+01 3.43397622e-01
]
[7.07195079e+02 1.60734179e+01 1.05183861e-01
]
[2.81398051e+03 3.36164384e+01 7.09001198e-02
]
[6.14932641e+02 1.56342176e+01 1.93860614e-01
]
[2.11077017e+03 3.43657978e+01 3.73895691e-02
]
[1.59016506e+03 2.48346794e+01 9.84312930e-02
]
[3.50047036e+02 9.78103010e+00 2.81125910e-01
]
[6.27492805e+02 1.38263256e+01 2.48349260e-01
]
[3.69180662e+02 9.41966911e+00 2.58147724e-01
]
[2.54847413e+02 9.54031526e+00 2.12348989e-01
]
[7.73004460e+02 1.54903960e+01 2.39130523e-01
]
[3.17408351e+02 9.98277586e+00 3.11889709e-01
]
[7.06715663e+02 1.60038139e+01 1.71283149e-01
]
[4.39193541e+02 1.20834571e+01 1.39573640e-01
]
[9.02149966e+02 1.64476642e+01 1.99473696e-01
]
[7.38429904e+02 1.33977036e+01 2.19804334e-01
]
[7.59744606e+02 1.48688504e+01 2.72266412e-01
]
[239.09779316   8.12262976   0.28520189
]
[3.69440231e+02 1.39309958e+01 8.19930175e-02
]
[1.01125916e+03 2.14313110e+01 8.09659093e-02
]
[8.78901238e+02 1.77931411e+01 1.04307122e-01
]
[8.63338055e+02 1.69947405e+01 2.10840419e-01
]
[208.85096501   9.27277201   0.27467266
]
[171.26935794   6.15129566   0.33998377
]
[3.36979303e+02 9.15649105e+00 3.06643813e-01
]
[284.53797208   7.86230486   0.35076841
]
[187.02107361   7.56286777   0.24013632
]
[225.78380623   7.35618608   0.25693092
]
[3.68796909e+02 9.11469435e+00 2.44892805e-01
]
[7.20755817e+02 1.37759477e+01 2.80382050e-01
]
[1.16583849e+03 2.01023606e+01 1.81465875e-01
]
[9.15218716e+02 1.61369473e+01 2.21099865e-01
]
[6.27710896e+02 1.46616071e+01 2.44754232e-01
]
[6.04058486e+02 1.48936725e+01 1.75611272e-01
]
[8.59501161e+02 1.40431065e+01 2.17168893e-01
]
[3.56470334e+02 1.12006495e+01 2.43573388e-01
]
[1.54384285e+03 2.40342791e+01 1.19179855e-01
]
[3.94735963e+02 1.22911803e+01 2.66102188e-01
]
[118.27237216   5.3914802    0.37669058
]
[7.54625452e+02 1.59233218e+01 1.59285976e-01
]
[7.55929520e+02 1.58881983e+01 1.73719544e-01
]
[1.51895863e+03 2.31099063e+01 1.26796459e-01
]
[149.19392123   5.42166096   0.40027107
]
[9.02383329e+02 1.54722645e+01 1.83947434e-01
]
[259.58040413   7.30584234   0.30522943
]
[3.00464960e+03 3.68927028e+01 5.61856371e-02
]
[154.70795848   5.86126874   0.451142  
]
[1.39187680e+03 2.47803614e+01 6.26452651e-02
]
[5.48324783e+02 1.45522953e+01 1.08118277e-01
]
[233.45387159   7.22934256   0.38862954
]
[6.99682820e+02 1.68123319e+01 1.29336068e-01
]
[4.07450060e+02 1.08867192e+01 1.99220078e-01
]
[7.96174994e+02 1.48822607e+01 1.56575371e-01
]
[4.84970934e+02 1.29692426e+01 1.15777763e-01
]
[5.68111526e+02 1.42084121e+01 2.29971692e-01
]
[4.29750937e+02 1.11072474e+01 2.56567437e-01
]
[1.18961456e+03 1.85849596e+01 2.43135629e-01
]
[1.76456012e+03 2.63278200e+01 7.44131625e-02
]
[1.39590703e+03 2.16375023e+01 1.83439085e-01
]
[144.21688777   6.42765366   0.32509377
]
[1.73576674e+03 2.43038831e+01 1.69997177e-01
]
[5.26319990e+02 1.09132097e+01 4.76618935e-01
]
[1.17114784e+03 1.80919339e+01 1.85803220e-01
]
[340.05930313   8.66182292   0.35044261
]
[7.26775425e+02 1.36454902e+01 2.51797876e-01
]
[1.13557945e+03 1.38384006e+01 3.18502701e-01
]
[240.62909606   7.54675161   0.3495653 
]
[1.27062018e+03 2.55340715e+01 6.22818445e-02
]
[3.17102740e+02 1.02460893e+01 1.89082905e-01
]
[184.26308343   7.15910804   0.26301288
]
[4.00770249e+02 1.09594539e+01 1.77146218e-01
]
[8.11606674e+02 1.34887505e+01 3.16251688e-01
]
[4.36704119e+02 1.10185451e+01 2.83246955e-01
]
[5.79927305e+02 1.36139792e+01 2.68685753e-01
]
[3.33125985e+02 1.04241286e+01 2.08886609e-01
]
[2.27136581e+03 2.90809381e+01 2.65730032e-01
]
[8.33305144e+02 1.58077509e+01 2.34577017e-01
]
[6.84134548e+02 1.56595617e+01 1.48416185e-01
]
[242.06420452   7.66726347   0.31370586
]
[5.00674264e+02 1.16249750e+01 2.48252953e-01
]
[241.7310471    7.70780947   0.29340451
]
[3.28680877e+02 1.03087428e+01 1.93867728e-01
]
[3.60726872e+02 1.03516294e+01 2.23014493e-01
]
[8.30813841e+02 1.52442599e+01 3.46393942e-01
]
[211.42769704   7.64195309   0.32538856
]
[3.20902180e+02 9.33626763e+00 2.40346696e-01
]
[265.18257593   5.61207228   0.54534559
]
[7.38572718e+02 1.73356555e+01 1.66048802e-01
]
[1.70341957e+03 2.85287671e+01 7.30291264e-02
]
[6.94705959e+02 1.61657670e+01 1.47110409e-01
]
[8.16309343e+02 1.66995309e+01 1.92386038e-01
]
[6.63947789e+02 1.23273568e+01 2.44790975e-01
]
[3.61660224e+02 1.30586414e+01 1.26959780e-01
]
[7.43813810e+02 1.85179393e+01 1.22700916e-01
]
[3.89907497e+02 1.02521953e+01 3.52306908e-01
]
[5.10056469e+02 1.17399889e+01 2.31868583e-01
]
[2.39793352e+03 3.39847290e+01 6.22585416e-02
]
[1.55780855e+03 2.29738255e+01 1.81170335e-01
]
[6.23140054e+02 1.24115418e+01 2.58961059e-01
]
[8.64392218e+02 1.60759093e+01 2.26790941e-01
]
[6.37747436e+02 1.40160707e+01 2.26722323e-01
]
[6.08948697e+02 1.35734102e+01 2.28940779e-01
]
[78.86372933  4.91414072  0.27209674
]
[1.13542276e+03 1.83297957e+01 2.45977374e-01
]
[1.28389785e+03 2.02688122e+01 1.49264816e-01
]
[161.85294658   6.8767583    0.33932162
]
[3.44195188e+02 1.04679578e+01 2.04865088e-01
]
[5.11170899e+02 1.17246575e+01 2.23917648e-01
]
[1.14568724e+03 2.14219300e+01 9.88882560e-02
]
[3.09561315e+02 1.01235535e+01 2.05178212e-01
]
[3.99756697e+02 9.61939396e+00 3.16772244e-01
]
[3.92197152e+02 1.13287671e+01 2.96488388e-01
]
[1.05991494e+03 1.83942637e+01 1.92355184e-01
]
[7.91960154e+02 1.81052364e+01 1.30107762e-01
]
[116.93216923   4.96097582   0.4607986 
]
[2.81202461e+02 1.06056747e+01 2.08238544e-01
]
[3.74808594e+02 1.07838892e+01 2.47307627e-01
]
[5.24946359e+02 1.50246059e+01 1.19712177e-01
]
[9.46176471e+02 1.92010393e+01 9.68350687e-02
]
[1.85697444e+03 3.20550404e+01 4.97599739e-02
]
[5.71970166e+02 1.34327789e+01 2.39916373e-01
]
[7.52106928e+02 1.96912111e+01 6.32680331e-02
]
[3.10437426e+02 1.08398912e+01 1.65900293e-01
]
[305.63644752   8.30382161   0.39752183
]
[4.16376001e+02 1.01511035e+01 3.11511839e-01
]
[3.58979755e+02 9.57378237e+00 2.78454600e-01
]
[2.55385626e+02 8.72609575e+00 2.08419631e-01
]
[9.66214533e+02 1.84616686e+01 2.15568389e-01
]
[4.89665529e+02 1.54866128e+01 9.99458411e-02
]
[284.18843522   7.95492503   0.29814031
]
[4.83974502e+02 1.31094195e+01 2.23215543e-01
]
[221.8127797    6.86698962   0.48058863
]
[167.49536169   6.11335416   0.31521613
]
[2.04899094e+03 3.05180469e+01 5.96413441e-02
]
[3.56145938e+02 1.05001319e+01 2.59593393e-01
]
[8.10437432e+02 1.58155171e+01 2.40538012e-01
]
[1.20042756e+03 1.85309958e+01 2.42557168e-01
]
[6.60113172e+02 1.73061592e+01 9.26327406e-02
]
[1.65531336e+03 2.80898284e+01 6.53274083e-02
]
[9.39719976e+02 1.83613405e+01 1.62775488e-01
]
[5.96890036e+02 1.41959723e+01 1.87603929e-01
]
[225.35896963   7.37803922   0.33672337
]
[5.93220719e+02 1.47267352e+01 1.63494989e-01
]
[162.7614456    6.55349481   0.24480495
]
[2.98258485e+02 9.70423683e+00 1.60209605e-01
]
[2.91454879e+02 9.30909036e+00 2.36155899e-01
]
[150.11849289   6.08653595   0.30565537
]
[7.31716463e+02 1.55681200e+01 2.34721918e-01
]
[1.48112438e+03 2.67878047e+01 6.41542123e-02
]
[4.64072803e+02 1.18088428e+01 1.96448930e-01
]
[9.38398462e+02 1.68470896e+01 1.56660726e-01
]
[3.41486228e+02 9.25231834e+00 2.58692171e-01
]
[6.03098039e+02 1.48205767e+01 1.76671395e-01
]
[256.24907343   7.31693964   0.41186444
]
[5.81861146e+02 1.48270204e+01 2.07297644e-01
]
[2.61068635e+02 8.47707805e+00 1.78728905e-01
]
[1.68848541e+03 2.10931180e+01 2.04213767e-01
]
[4.36082830e+02 1.14366490e+01 2.46659388e-01
]
[310.94070688   7.81783499   0.33602399
]
[275.35494426   7.40981273   0.40228608
]
[1.80205275e+03 2.88898116e+01 8.53500838e-02
]
[4.80884537e+02 1.53567243e+01 7.78680612e-02
]
[1.04925343e+03 1.89406228e+01 1.68352757e-01
]
[7.08635279e+02 1.45869896e+01 2.75345786e-01
]
[8.47246505e+02 1.77692887e+01 1.31268501e-01
]
[8.75553741e+02 1.61744252e+01 1.66141333e-01
]
[272.10170724   8.26789402   0.30548156
]
[3.41136336e+02 1.04777689e+01 1.85600076e-01
]
[1.08739886e+03 2.00303494e+01 1.11045755e-01
]
[7.20187067e+02 1.38520261e+01 2.76671424e-01
]
[9.66911142e+02 2.09196309e+01 1.03655915e-01
]
[5.41998557e+02 1.42793854e+01 2.11076259e-01
]
[240.80841215   8.09222607   0.28303982
]
[220.59532488   6.83055748   0.27659038
]
[7.64070291e+02 1.63078482e+01 1.52896792e-01
]
[1.44135983e+03 2.33777624e+01 1.35760693e-01
]
[1.73132857e+03 2.68881200e+01 6.64319737e-02
]
[4.37095517e+02 1.12491026e+01 2.16831629e-01
]
[4.77545021e+02 1.16451672e+01 2.54700526e-01
]
[6.71414533e+02 1.56861207e+01 1.80794721e-01
]
[7.21078616e+02 1.74668358e+01 1.12858378e-01
]
[4.79898502e+02 1.28804180e+01 2.00141822e-01
]
[8.54230281e+02 1.66043660e+01 1.71488938e-01
]
[142.98102425   6.05107593   0.29379455
]
[3.69563476e+02 8.55733948e+00 3.17994183e-01
]
[1.38126998e+03 2.42947228e+01 9.55224769e-02
]
[5.68588986e+02 1.50552387e+01 2.24070068e-01
]
[1.48562596e+03 2.27903114e+01 1.78237434e-01
]
[4.47781046e+02 1.04202909e+01 3.15739588e-01
]
[6.15941185e+02 1.38739825e+01 2.13715112e-01
]
[2.70365379e+03 3.37647059e+01 7.22004684e-02
]
[133.38033064   5.83394079   0.30086779
]
[347.16259122   7.53278141   0.39699654
]
[277.8853908    8.3231862    0.28879165
]
[1.13452764e+03 1.82411995e+01 3.71368060e-01
]
[7.11127166e+02 1.31376855e+01 2.91145611e-01
]
[7.05028035e+02 1.57095886e+01 2.14312012e-01
]
[7.69947442e+02 1.49224213e+01 1.86320561e-01
]
[283.33758679   8.33624195   0.28823261
]
[6.55440231e+02 1.66948866e+01 1.04566696e-01
]
[1.17623468e+03 2.22891380e+01 9.50984657e-02
]
[4.57006480e+02 1.09952960e+01 2.42446152e-01
]
[1.21030641e+03 2.19593080e+01 1.30394029e-01
]
[5.83346078e+02 1.32704228e+01 2.09103839e-01
]
[3.14995337e+02 1.00925872e+01 2.83453133e-01
]
[4.62731065e+02 1.13164286e+01 2.26698181e-01
]
[9.90997647e+02 2.06497809e+01 8.32113087e-02
]
[134.80362835   5.81210846   0.34597391
]
[6.15937209e+02 1.31393310e+01 2.16964911e-01
]
[235.83184929   7.8489504    0.257774  
]
[259.90637706   6.8890192    0.35284538
]
[247.54658506   7.89533802   0.43412758
]
[5.65761722e+02 1.48811073e+01 1.91541325e-01
]
[56.99815456  3.74303729  0.43695293
]
[2.17969550e+03 2.85512341e+01 8.07052654e-02
]
[7.01960892e+02 1.35299808e+01 2.38305829e-01
]
[6.60515912e+02 1.60530458e+01 1.22816043e-01
]
[7.42804139e+02 1.50755576e+01 2.76194435e-01
]
[285.85710111   9.669604     0.28593135
]
[2.59736901e+02 1.18192388e+01 9.47636938e-02
]
[135.45374856   4.61093426   0.47358387
]
[4.80648987e+02 1.24953339e+01 1.42140228e-01
]
[1.11490933e+03 2.50118724e+01 4.81836409e-02
]
[5.18260686e+02 1.29145971e+01 1.74314411e-01
]
[308.77719339   9.80206075   0.31637443
]
[1.95835162e+03 3.11646290e+01 9.04199443e-02
]
[2.96712972e+02 8.50197616e+00 1.83536517e-01
]
[5.58677076e+02 1.38844707e+01 1.53742042e-01
]
[3.25853364e+02 8.28907343e+00 3.23538856e-01
]
[6.40797980e+02 1.46423135e+01 1.44540964e-01
]
[8.61928627e+02 1.59574164e+01 2.82995941e-01
]
[134.59609381   4.77048827   0.34220009
]
[3.18628158e+03 3.91367320e+01 4.79169239e-02
]
[6.68423453e+02 1.43553864e+01 1.53760436e-01
]
[1.37840065e+03 1.99708420e+01 1.44102012e-01
]
[248.45362163   7.97043901   0.28716536
]
[5.78523399e+02 1.24111649e+01 2.78436328e-01
]
[213.15409918   7.70190559   0.26689205
]
[162.68004614   7.06992695   0.34284843
]
[2.18222519e+03 3.17329181e+01 1.13594143e-01
]
[7.88646536e+02 1.54011995e+01 2.65103228e-01
]
[131.00764321   4.54277586   0.46084201
]
[3.23225979e+02 1.08631802e+01 1.96527615e-01
]
[3.66734668e+02 1.00657815e+01 2.13650382e-01
]
[236.40932425   7.61245305   0.30507241
]
[131.85605536   5.17164168   0.34409141
]
[1.28445250e+03 2.00154424e+01 1.98562468e-01
]
[3.83623037e+02 1.05196463e+01 2.53007351e-01
]
[1.00554188e+03 2.08672203e+01 8.72530779e-02
]
[6.00953541e+02 1.19939100e+01 2.32832100e-01
]
[8.16488981e+02 1.97810073e+01 7.24710465e-02
]
[8.15419181e+02 1.66334165e+01 1.32108531e-01
]
[210.68493151   7.10398506   0.29127678
]
[6.57208294e+02 1.19166510e+01 2.86642615e-01
]
[190.85167243   7.31020377   0.27992744
]
[3.34366374e+02 9.70285961e+00 2.73143003e-01
]
[9.17795556e+02 1.70916109e+01 2.59217797e-01
]
[1.29621206e+03 2.15189389e+01 1.45320559e-01
]
[3.55918139e+02 1.07208766e+01 1.88574011e-01
]
[4.33254287e+02 1.01792541e+01 3.73259149e-01
]
[167.66414456   6.72847366   0.31889594
]
[121.00509035   4.17460977   0.40227956
]
[8.42646720e+02 2.05393772e+01 7.06560498e-02
]
[8.32496747e+02 1.55533564e+01 1.86721354e-01
]
[172.18402153   6.7561707    0.31367373
]
[4.23072541e+02 1.04158708e+01 2.86874402e-01
]
[1.44550267e+03 2.47561874e+01 1.02072147e-01
]
[6.04615456e+02 1.62222837e+01 1.28723457e-01
]
[3.16103204e+02 8.45934560e+00 2.75673848e-01
]
[117.17261053   5.62532872   0.31838598
]
[1.54031600e+03 2.91037601e+01 5.28853565e-02
]
[309.26471357   8.13176471   0.35827337
]
[229.48006151   5.39901576   0.57082008
]
[119.08148929   6.3555077    0.28774313
]
[6.18052441e+02 1.43018224e+01 2.33002330e-01
]
[153.18823529   4.94832757   0.40050054
]
[5.72117509e+02 1.11170012e+01 2.70963714e-01
]
[9.02795802e+02 1.75246905e+01 1.19264911e-01
]
[371.48598231   8.70622068   0.42707812
]
[1.29250636e+03 2.38565782e+01 6.29680939e-02
]
[1.51596367e+03 2.30586283e+01 1.53239775e-01
]
[1.95714725e+03 3.41232449e+01 3.26831313e-02
]
[3.45082948e+02 1.04695082e+01 1.68066439e-01
]
[4.47301683e+02 9.88174767e+00 3.05978109e-01
]
[164.92876586   6.27046521   0.39067934
]
[1.08726685e+03 1.86903503e+01 1.16078444e-01
]
[3.36510023e+02 1.14283964e+01 1.70467897e-01
]
[5.73093579e+02 1.49229066e+01 1.20116857e-01
]
[4.12889058e+02 1.08646367e+01 2.61701144e-01
]
[1.18931019e+03 1.85284890e+01 1.71141765e-01
]
[1.10871148e+03 2.01266590e+01 2.39297687e-01
]
[300.54049981   8.44250673   0.41529519
]
[3.51064349e+02 1.01844467e+01 2.18836873e-01
]
[130.78366782   5.29454825   0.53078287
]
[184.39138793   4.80119954   0.55701958
]
[4.78748051e+02 1.23457747e+01 1.49435802e-01
]
[5.12681992e+02 1.28844587e+01 2.11496157e-01
]
[6.06816717e+02 1.21120646e+01 3.44200474e-01
]
[2.59173884e+03 3.71938793e+01 3.41366265e-02
]
[288.56286597   8.43520011   0.29914628
]
[1.50574645e+03 2.09832372e+01 1.20693119e-01
]
[5.05978039e+02 1.42536255e+01 1.22237790e-01
]
[8.47142376e+02 1.46593925e+01 3.06209560e-01
]
[1.05743295e+03 1.92249640e+01 1.38530304e-01
]
[5.14226144e+02 1.15392080e+01 1.85126691e-01
]
[7.49139654e+02 1.77277047e+01 1.13691740e-01
]
[2.12242570e+03 3.50324798e+01 3.21714989e-02
]
[1.26864139e+03 2.17564087e+01 1.23962156e-01
]
[206.90958862   7.82702038   0.45767751
]
[5.14456255e+02 1.10247751e+01 2.33685104e-01
]
[3.69316540e+02 1.15470708e+01 2.11813533e-01
]
[81.27963091  3.18268358  0.58454937
]
[6.29900454e+02 1.65104960e+01 1.13452536e-01
]
[9.14629404e+02 1.63824529e+01 1.57424111e-01
]
[2.03022084e+03 2.51940331e+01 2.25206982e-01
]
[4.99959862e+02 1.00877201e+01 3.57935180e-01
]
[1.93999866e+03 2.55104498e+01 1.47635176e-01
]
[1.38059048e+03 2.39185859e+01 9.80704723e-02
]
[1.48307480e+03 2.26111649e+01 2.00007791e-01
]
[6.05172674e+02 1.25342154e+01 2.75555379e-01
]
[4.32109204e+02 1.13418685e+01 2.87722105e-01
]
[2.81463775e+02 9.40416763e+00 1.74905426e-01
]
[6.65679416e+02 1.86512880e+01 7.28725273e-02
]
[8.63701576e+02 1.87501269e+01 1.39741758e-01
]
[218.83257209   7.04233756   0.32802083
]
[5.68589742e+02 1.51160631e+01 1.72936785e-01
]
[4.59637293e+02 1.14408458e+01 2.70452323e-01
]
[217.81971849   5.31412593   0.5031447 
]
[4.26750108e+02 1.10428724e+01 2.72351457e-01
]
[3.34204060e+02 9.50463668e+00 2.69040757e-01
]
[2.15827417e+03 3.24482891e+01 5.96547858e-02
]
[277.99241022   7.74466247   0.32908253
]
[150.46955786   5.56525952   0.32996638
]
[284.891411     7.02363706   0.49171921
]
[6.73658101e+02 1.40213764e+01 1.68627228e-01
]
[4.35390250e+02 1.25761015e+01 2.01556888e-01
]
[1.70903161e+03 2.71028170e+01 9.59698527e-02
]
[3.56678350e+03 3.56425529e+01 1.98805586e-01
]
[3.88247320e+02 1.14473510e+01 2.96562999e-01
]
[4.61668097e+02 1.18705421e+01 2.83660552e-01
]
[3.59004238e+02 9.30673360e+00 2.58071086e-01
]
[2.42864141e+03 2.99549712e+01 1.14853328e-01
]
[6.28306408e+02 1.61672288e+01 1.42986449e-01
]
[1.91678319e+03 2.40958247e+01 1.49322828e-01
]
[198.20422914   6.34445213   0.38880048
]
[6.69254566e+02 1.42635282e+01 1.73847152e-01
]
[270.12917651   7.84729964   0.3243477 
]
[1.30173469e+03 2.05750096e+01 1.23274043e-01
]
[1.45346473e+03 2.15070984e+01 1.53677601e-01
]
[5.90118201e+02 1.41419762e+01 2.89216502e-01
]
[4.99283491e+02 1.30634525e+01 2.13395142e-01
]
[4.79657240e+02 1.31277201e+01 2.24571835e-01
]
[1.00734244e+03 1.64620069e+01 2.27194655e-01
]
[8.36815717e+02 1.62438447e+01 2.10848216e-01
]
[2.72590926e+02 9.26539103e+00 2.66077422e-01
]
[5.44928821e+02 1.38309620e+01 1.71072111e-01
]
[3.99144086e+02 1.04418618e+01 2.60848387e-01
]
[217.81454825   7.20767397   0.28832789
]
[220.37735347   7.38636079   0.31948147
]
[216.0447662    5.65704295   0.42131686
]
[1.01940608e+03 1.88611605e+01 1.25674439e-01
]
[269.16238498   8.60408599   0.27714273
]
[9.71214825e+02 2.29200154e+01 4.87946153e-02
]
[3.28779485e+02 9.97723952e+00 2.36456482e-01
]
[8.61259823e+02 1.58585160e+01 2.25532860e-01
]
[4.98452611e+02 1.12959477e+01 3.27269444e-01
]
[5.48441729e+02 1.43745264e+01 1.88495943e-01
]
[1.12296910e+03 1.97573904e+01 1.46875439e-01
]
[6.89727726e+02 1.15526828e+01 3.15979911e-01
]
[6.30857579e+02 1.40348254e+01 1.72718714e-01
]
[4.88471624e+02 1.24375373e+01 2.55987189e-01
]
[256.93211923   8.07196773   0.30479869
]
[1.53748321e+03 2.70272049e+01 6.79509517e-02
]
[5.64394101e+02 1.35447864e+01 1.86486246e-01
]
[100.6405067    4.41363971   0.41458799
]
[207.66210046   6.75480078   0.30493462
]
[232.8143648    8.84129293   0.29464549
]
[1.02845149e+03 1.71082965e+01 2.44683731e-01
]
[4.10940186e+02 1.11741259e+01 1.74788474e-01
]
[1.90635030e+03 2.67143099e+01 1.81284997e-01
]
[9.51304298e+02 1.70723568e+01 1.93415473e-01
]
[3.85126272e+02 1.14887371e+01 2.40762787e-01
]
[3.61175728e+02 9.44825632e+00 2.75263522e-01
]
[5.55848197e+02 1.34320800e+01 1.51651518e-01
]
[174.61722414   5.58928105   0.425023  
]
[4.86977280e+02 1.07344242e+01 2.89364040e-01
]
[2.02042613e+03 2.95834488e+01 6.96689998e-02
]
[2.74001984e+02 8.70392926e+00 1.97847122e-01
]
[2.92022374e+02 8.72062853e+00 2.43663303e-01
]
[1.07701521e+03 2.06780161e+01 9.57683856e-02
]
[4.95771454e+02 1.31309073e+01 2.45770273e-01
]
[9.17609396e+02 1.68740177e+01 1.76364042e-01
]
[7.40926909e+02 1.81712016e+01 1.15467015e-01
]
[249.16526312   6.49601392   0.45207145
]
[1.99775891e+03 2.68890888e+01 1.71601909e-01
]
[7.71620061e+02 1.85765777e+01 8.14207952e-02
]
[3.88305853e+02 1.03454359e+01 2.64014930e-01
]
[5.74522015e+02 1.49695656e+01 1.13924258e-01
]
[1.00223923e+03 2.29072511e+01 5.03404495e-02
]
[68.0317724   4.56304498  0.36137811
]
[7.93896840e+02 1.49408074e+01 2.31544714e-01
]
[8.06748887e+02 1.57202416e+01 2.74518271e-01
]
[3.21394289e+02 8.72271220e+00 2.80466490e-01
]
[3.34445121e+02 8.98125336e+00 3.20230569e-01
]
[4.89108804e+02 1.31383314e+01 1.98513384e-01
]
[5.06553745e+02 1.26616041e+01 2.11130201e-01
]
[2.56023376e+02 9.16306036e+00 2.33741518e-01
]
[2.14258999e+03 2.81136178e+01 1.05947739e-01
]
[2.69566093e+03 3.18131488e+01 1.98653951e-01
]
[7.77823668e+02 1.73398231e+01 1.23986133e-01
]
[2.83105759e+02 8.32864283e+00 2.74337598e-01
]
[1.08891704e+03 2.12418411e+01 1.14490487e-01
]
[5.69174099e+02 1.30615953e+01 3.10031447e-01
]
[5.73101081e+02 1.61060915e+01 1.11058332e-01
]
[9.35605257e+02 1.98655700e+01 1.02956804e-01
]
[4.73667139e+02 1.18824860e+01 3.08025668e-01
]
[9.30220857e+02 2.06587972e+01 7.85904038e-02
]
[6.83507020e+02 1.26370780e+01 2.96941266e-01
]
[1.06801021e+03 1.86531949e+01 1.92170275e-01
]
[9.97262991e+02 2.25525260e+01 5.57751724e-02
]
[2.27722553e+02 9.97639369e+00 1.95305757e-01
]
[4.35312818e+02 1.24439216e+01 2.36849251e-01
]
[6.74098916e+02 1.75247674e+01 1.30507706e-01
]
[4.71659070e+02 1.33648443e+01 1.69129773e-01
]
[2.37067851e+02 9.45271819e+00 2.15249983e-01
]
[5.64514033e+02 1.42374625e+01 2.52518592e-01
]
[1.02173040e+03 1.86014456e+01 1.70074277e-01
]
[8.40285971e+02 1.52706660e+01 2.15720833e-01
]
[2.03203820e+03 2.65613841e+01 1.67518777e-01
]
[1.28374296e+03 2.06878504e+01 2.66247051e-01
]
[1.06642262e+03 2.02176547e+01 1.13270302e-01
]
[9.16108158e+02 1.98611150e+01 1.54843487e-01
]
[1.37312361e+03 2.03068731e+01 1.36776553e-01
]
[3.57783503e+02 9.84351960e+00 2.25466631e-01
]
[9.94564378e+02 2.08551165e+01 8.40973649e-02
]
[1.19197779e+03 2.20831373e+01 1.81192660e-01
]
[129.07255671   5.67521722   0.28821814
]
[1.02794544e+03 1.85548020e+01 1.57906633e-01
]
[1.22599623e+03 2.05381469e+01 1.56690771e-01
]
[3.99791037e+02 1.12281222e+01 2.31861096e-01
]
[1.14805524e+03 2.36289120e+01 6.63795734e-02
]
[3.77556280e+02 1.06249609e+01 2.53170240e-01
]
[1.44863643e+03 2.59674587e+01 6.21169581e-02
]
[4.14689273e+02 1.03758554e+01 3.00111174e-01
]
[2.41353508e+02 9.13592652e+00 2.13426434e-01
]
[6.73809581e+02 1.59020684e+01 1.26263478e-01
]
[278.81952656   7.366174     0.33972419
]
[1.00864457e+03 1.76177624e+01 2.02275638e-01
]
[1.17454526e+03 1.84871975e+01 1.95477968e-01
]
[4.40918847e+02 9.01542484e+00 4.22462164e-01
]
[1.69120527e+03 3.02422299e+01 5.28101432e-02
]
[7.54724229e+02 1.40986896e+01 2.13783472e-01
]
[202.50669742   5.29565552   0.46197495
]
[197.82729719   7.69866974   0.24413136
]
[4.94939704e+02 1.18770149e+01 2.12615519e-01
]
[165.51307958   6.58312957   0.20100491
]
[5.33805213e+02 1.58342791e+01 8.20726324e-02
]
[269.59123414   8.23935409   0.31976172
]
[1.08956884e+03 2.21767999e+01 8.71164272e-02
]
[4.68463894e+02 1.36156181e+01 1.55020073e-01
]
[3.18847366e+02 1.22540254e+01 1.06755321e-01
]
[181.41654157   7.04151811   0.29803842
]
[2.34655440e+02 8.37739331e+00 1.96155875e-01
]
[7.50277478e+02 1.45463591e+01 2.40235405e-01
]
[4.19403645e+02 1.22045773e+01 1.84127473e-01
]
[6.95351050e+02 1.58477509e+01 1.75383837e-01
]
[9.77432864e+02 2.27441753e+01 6.65584900e-02
]
[1.85312174e+03 2.62236348e+01 1.17688679e-01
]
[9.14609043e+02 1.88709419e+01 2.34529562e-01
]
[149.63917558   6.59057359   0.28318652
]
[8.89333333e+02 1.89427660e+01 1.17946807e-01
]
[4.79374287e+02 1.13356248e+01 1.85213115e-01
]
[322.20679302   8.27894539   0.43361931
]
[5.46824944e+02 1.64238677e+01 8.15002697e-02
]
[208.24522876   8.00433679   0.30093269
]
[6.26058819e+02 1.47726749e+01 2.07712545e-01
]
[5.50647065e+02 1.34380708e+01 1.93719247e-01
]
[3.48947004e+02 9.14147432e+00 3.07091914e-01
]
[6.97109302e+02 1.41356328e+01 1.95769381e-01
]
[1.03922382e+03 1.58999308e+01 2.80110711e-01
]
[3.30940210e+02 8.72813246e+00 3.05455671e-01
]
[3.66497251e+03 4.21136371e+01 5.50525798e-02
]
[5.43691899e+02 1.33504462e+01 2.07422771e-01
]
[9.83497936e+02 1.80621755e+01 1.78944392e-01
]
[1.42939756e+03 2.37467786e+01 1.30556805e-01
]
[3.74376396e+02 1.02646735e+01 2.75508258e-01
]
[1.52617632e+03 2.81282737e+01 4.46569610e-02
]
[3.97050663e+02 1.06876650e+01 2.38483323e-01
]
[377.68590104   6.73049978   0.42093851
]
[221.96449508   7.52261254   0.27935302
]
[8.51809212e+02 1.77005152e+01 1.93474760e-01
]
[219.03916211   6.51639344   0.40290461
]
[7.29696517e+02 1.66889043e+01 1.15763883e-01
]
[3.10403599e+02 8.99869281e+00 2.36766578e-01
]
[7.23895502e+02 1.45749020e+01 2.07778890e-01
]
[6.65946636e+02 1.66936717e+01 1.57015359e-01
]
[282.82228374   6.36984237   0.47901683
]
[5.38827364e+02 1.23286296e+01 1.98933147e-01
]
[1.77078685e+03 3.10716032e+01 3.92871113e-02
]
[1.14655008e+03 1.73490657e+01 2.44492046e-01
]
[155.54425221   5.97356401   0.38138095
]
[202.36415225   6.1112649    0.35987763
]
[3.23472353e+03 3.79317012e+01 2.39833813e-01
]
[4.16302376e+02 1.28739715e+01 2.06358648e-01
]
[4.50862976e+02 1.25711803e+01 1.71968160e-01
]
[5.26127285e+02 1.41592344e+01 1.95260869e-01
]
[4.05615717e+02 1.28463206e+01 1.48701235e-01
]
[2.05620597e+03 2.29188312e+01 2.82378402e-01
]
[1.06312283e+03 2.10322799e+01 8.11991580e-02
]
[3.64304507e+02 1.12743703e+01 1.64278215e-01
]
[51.9851288   3.04515186  0.45601587
]
[5.60620807e+02 1.18717724e+01 3.50428791e-01
]
[185.81467128   7.30148404   0.26204335
]
[1.80219772e+03 2.76560861e+01 1.71050318e-01
]
[2.45932518e+02 8.88722799e+00 2.15431199e-01
]
[1.51265077e+03 2.63403922e+01 6.75305452e-02
]
[1.18801730e+03 2.03475486e+01 9.78343657e-02
]
[9.89768981e+02 1.84883660e+01 1.80458573e-01
]
[4.84912434e+02 1.14732334e+01 3.06010245e-01
]
[6.23310052e+02 1.15455290e+01 2.46564684e-01
]
[340.75848058   9.20824565   0.375902  
]
[1.04597941e+03 1.99151865e+01 1.07552425e-01
]
[4.04023203e+02 8.45540090e+00 3.22257814e-01
]
[3.12174302e+02 1.05587389e+01 1.72430545e-01
]
[472.86022299   9.34326797   0.53801414
]
[4.39325397e+02 1.07703829e+01 2.28373716e-01
]
[5.52527197e+02 1.67867897e+01 7.24875817e-02
]
[8.02103678e+02 1.64070495e+01 1.31899759e-01
]
[4.45617593e+02 1.04667128e+01 3.30944601e-01
]
[160.63035755   7.59660131   0.24397251
]
[7.71569207e+02 1.63567920e+01 1.39111865e-01
]
[5.36325206e+02 1.54830687e+01 9.27143481e-02
]
[5.19528288e+02 1.39309500e+01 1.28817570e-01
]
[2.49222145e+02 1.13447443e+01 9.79992589e-02
]
[1.01376789e+03 1.83361950e+01 1.38541628e-01
]
[3.94792034e+02 9.69931565e+00 2.21211274e-01
]
[125.58881968   5.66260669   0.28049192
]
[7.01034073e+02 1.72847844e+01 1.07959134e-01
]
[4.19618812e+02 1.09351570e+01 2.98739293e-01
]
[291.70977316   9.12409073   0.35917751
]
[5.17355790e+02 1.20535454e+01 3.24739344e-01
]
[7.40431211e+02 1.64912347e+01 1.08861410e-01
]
[4.05461703e+02 1.07840249e+01 2.08131960e-01
]
[6.39044108e+02 1.42217735e+01 1.88492810e-01
]
[4.15903345e+02 1.25916032e+01 2.10574442e-01
]
[5.59385498e+02 1.36668358e+01 2.27976884e-01
]
[6.31158277e+02 1.62471999e+01 1.11079853e-01
]
[4.04591342e+02 9.04479815e+00 3.35494288e-01
]
[1.26971493e+03 2.14602845e+01 1.10463331e-01
]
[1.30715311e+03 2.32452595e+01 1.11118867e-01
]
[151.02234525   5.06479047   0.48719375
]
[358.47546328   7.35438677   0.43850164
]
[202.04392632   7.73686433   0.26538923
]
[4.84203593e+02 1.23488236e+01 1.50123091e-01
]
[7.13534456e+02 1.48663130e+01 2.69372771e-01
]
[3.29980986e+02 9.73938674e+00 2.91418386e-01
]
[287.79621684   7.62828143   0.40439687
]
[6.07315971e+02 1.12989619e+01 2.67725505e-01
]
[1.07465849e+03 1.76039062e+01 2.80880949e-01
]
[6.22243092e+02 1.65702766e+01 1.27216535e-01
]
[1.22460491e+03 2.50109343e+01 5.22145925e-02
]
[4.30577240e+02 9.76336794e+00 2.56349853e-01
]
[1.33000274e+03 1.94628835e+01 2.93990608e-01
]
[117.8149114    5.58501948   0.29400206
]
[4.32376855e+02 1.04185621e+01 3.40535227e-01
]
[7.00342544e+02 1.46353131e+01 1.87017004e-01
]
[5.12833443e+02 1.14427816e+01 3.02880549e-01
]
[4.18397655e+02 9.49949264e+00 3.23390773e-01
]
[5.79628927e+02 1.13467282e+01 4.83706481e-01
]
[1.36204069e+03 2.48078431e+01 1.24656153e-01
]
[6.76491411e+02 1.56612072e+01 1.75466945e-01
]
[9.35283932e+02 1.74931866e+01 1.67686352e-01
]
[1.88429658e+03 3.20743868e+01 4.13385270e-02
]
[1.94310594e+03 2.97843599e+01 6.53308739e-02
]
[297.0345291    8.30378278   0.34969942
]
[1.06937075e+03 1.86832583e+01 1.59875492e-01
]
[5.14278406e+02 1.23196082e+01 1.98316285e-01
]
[6.82244827e+02 1.39852049e+01 1.83175416e-01
]
[6.63683036e+02 1.48598727e+01 1.72416935e-01
]
[194.98730066   7.34307643   0.34871304
]
[3.95691690e+02 1.15283678e+01 1.52086977e-01
]
[7.26340361e+02 1.84518877e+01 7.48726529e-02
]
[314.85287227   8.65592667   0.32822382
]
[7.10405275e+02 1.51967551e+01 1.92122936e-01
]
[4.94799254e+02 1.30609756e+01 1.57907428e-01
]
[225.42426759   9.03410996   0.25364181
]
[8.92320276e+02 1.89447207e+01 1.33857031e-01
]
[84.05736255  5.70595925  0.29382342
]
[3.64754640e+02 9.50374803e+00 2.21588816e-01
]
[1.16361198e+03 2.12386467e+01 1.06339920e-01
]
[3.83523045e+02 1.30099808e+01 1.66419451e-01
]
[1.73897818e+03 2.72522261e+01 5.98139657e-02
]
[203.81539875   7.55877201   0.32348445
]
[251.99983083   6.46319108   0.45863025
]
[4.39557167e+02 1.03786565e+01 2.06970507e-01
]
[1.16017336e+03 2.31070973e+01 6.50498271e-02
]
[1.33091101e+03 2.44767780e+01 8.23053336e-02
]
[8.58860038e+02 1.43563860e+01 3.58440616e-01
]
[1.48657606e+03 2.38346175e+01 1.24558655e-01
]
[8.21829081e+02 1.72004921e+01 1.62325598e-01
]
[101.28933487   4.87186467   0.31693796
]
[7.07736470e+02 1.19289819e+01 2.03245151e-01
]
[177.05311285   4.70839318   0.48982478
]
[1.77751013e+03 2.87343022e+01 8.49735930e-02
]
[65.49679354  3.82454441  0.43073967
]
[3.69089717e+02 1.03553946e+01 2.37433229e-01
]
[7.09065315e+02 1.57971576e+01 1.38338453e-01
]
[1.64417245e+03 2.61826665e+01 9.34954862e-02
]
[307.78050809   7.64173296   0.4102782 
]
[1.62221706e+03 2.49383842e+01 1.21973584e-01
]
[6.02859862e+02 1.43467098e+01 2.43190659e-01
]
[8.73464375e+02 1.78447213e+01 1.70047815e-01
]
[6.47162661e+02 1.52969473e+01 1.42524664e-01
]
[3.54160584e+02 1.15680431e+01 1.31461525e-01
]
[5.82975271e+02 1.11687659e+01 3.46405574e-01
]
[5.25837040e+02 1.11593985e+01 2.78333871e-01
]
[4.46097869e+02 1.13059063e+01 1.85534572e-01
]
[6.89178485e+02 1.55100807e+01 2.01802443e-01
]
[4.51628266e+02 1.16573933e+01 2.46345030e-01
]
[4.94760877e+02 1.23955709e+01 1.49925244e-01
]
[1.12324494e+03 2.08785236e+01 1.08625026e-01
]
[3.26763049e+02 9.28034342e+00 2.68095608e-01
]
[4.59925875e+02 9.74166859e+00 2.85361314e-01
]
[4.94831002e+02 1.21866484e+01 2.26310339e-01
]
[1.15673695e+03 1.96510573e+01 2.11862712e-01
]
[1.02913120e+03 1.60435525e+01 3.63002276e-01
]
[3.61483421e+02 1.11064940e+01 1.79724637e-01
]
[8.22987981e+02 1.87048480e+01 1.21688574e-01
]
[203.30334021   6.81453681   0.3247479 
]
[2.52033802e+02 8.98383699e+00 1.75058226e-01
]
[7.62558865e+02 1.62065267e+01 1.49124386e-01
]
[1.77402822e+03 2.61728720e+01 1.87823507e-01
]
[4.23647751e+02 1.03700269e+01 2.30856121e-01
]
[8.10648535e+02 1.50987928e+01 2.99507261e-01
]
[5.09077693e+02 1.31304729e+01 2.83835680e-01
]
[8.67410818e+02 1.57130325e+01 1.94742554e-01
]
[202.66745098   4.83375625   0.45377087
]
[3.57247397e+02 8.02051519e+00 3.41235801e-01
]
[1.17469533e+03 2.08001230e+01 1.90432278e-01
]
[2.96719016e+02 9.84916571e+00 2.28573569e-01
]
[243.42850203   8.24206465   0.31301209
]
[4.14830711e+02 1.25755171e+01 2.10746553e-01
]
[379.72984237   7.69490196   0.46459642
]
[8.22510511e+02 1.41520953e+01 2.26892776e-01
]
[188.93957709   6.14409842   0.39485748
]
[5.76633049e+02 1.17436678e+01 3.33953866e-01
]
[400.05530181   7.36516724   0.53293632
]
[2.27019677e+03 3.11893570e+01 8.63512115e-02
]
[6.32882661e+02 1.43275817e+01 2.11978534e-01
]
[2.67388789e+02 8.29939254e+00 2.40532226e-01
]
[6.83034848e+02 1.46869819e+01 2.07245395e-01
]
[2.08481642e+03 2.96032910e+01 6.98570697e-02
]
[209.3010842    7.8386313    0.35117525
]
[167.78502115   5.06788158   0.45268164
]
[4.56808109e+02 1.23298511e+01 1.68787859e-01
]
[9.18195581e+02 1.57580691e+01 1.84414982e-01
]
[3.53742730e+02 8.97671665e+00 2.41234378e-01
]
[8.28970458e+02 1.74341253e+01 1.88321408e-01
]
[5.23279400e+02 1.43261361e+01 1.92849519e-01
]
[129.51018839   6.28662822   0.24748526
]
[7.25980930e+02 1.50744790e+01 1.73668746e-01
]
[212.7712918    7.59821771   0.32823112
]
[4.62351265e+02 1.23999251e+01 1.74563019e-01
]
[7.68078078e+02 1.57001000e+01 1.60455735e-01
]
[5.53310188e+02 1.50151019e+01 1.70480887e-01
]
[1.95141569e+03 2.58611780e+01 9.09077812e-02
]
[3.65686797e+02 1.03412534e+01 2.12687146e-01
]
[3.51577180e+03 4.24239139e+01 4.52859802e-02
]
[1.15557673e+03 2.14980854e+01 1.31494961e-01
]
[2.30894828e+03 3.34254210e+01 4.66200205e-02
]
[242.54053057   7.91160323   0.26865329
]
[6.12510081e+02 1.39851749e+01 2.69165718e-01
]
[7.34612457e+02 1.48298501e+01 1.99353006e-01
]
[310.11621943   7.79367611   0.32629132
]
[4.50826935e+02 1.14295620e+01 2.78105725e-01
]
[4.89172503e+02 1.20227912e+01 2.69407859e-01
]
[4.60480015e+02 1.18865513e+01 2.96064694e-01
]
[5.19365374e+02 1.17464027e+01 1.70691715e-01
]
[1.59014172e+03 2.52181616e+01 1.01474667e-01
]
[2.60489027e+02 8.58566705e+00 2.52372890e-01
]
[3.02607040e+02 1.03925533e+01 2.02395176e-01
]
[9.60606920e+02 1.77712111e+01 1.29115951e-01
]
[1.05102693e+03 1.73469281e+01 2.95415572e-01
]
[5.42332626e+02 1.24087505e+01 3.56867638e-01
]
[6.04160923e+02 1.32807382e+01 2.52991906e-01
]
[97.93723952  5.38080738  0.28455711
]
[6.20998785e+02 1.23388850e+01 2.67585268e-01
]
[1.43727050e+03 2.07563552e+01 1.72508125e-01
]
[77.40073818  3.85480969  0.44744023
]
[1.18742020e+03 2.35529024e+01 8.88824281e-02
]
[1.16495085e+03 2.07098039e+01 1.60037094e-01
]
[282.01946943   7.74588235   0.4212451 
]
[256.10183775   6.24931949   0.49475383
]
[8.58678179e+02 1.84929293e+01 1.19860160e-01
]
[1.45460998e+03 1.92156863e+01 3.78024064e-01
]
[7.18813487e+02 1.43175548e+01 3.85106118e-01
]
[8.78640018e+02 1.68485662e+01 2.70912682e-01
]
[303.97128315   8.49381048   0.37526861
]
[167.14525183   5.69814687   0.42654484
]
[7.95514950e+02 1.56456183e+01 2.27073015e-01
]
[1.05185535e+03 2.02037985e+01 1.16752899e-01
]
[6.68552214e+02 1.56357196e+01 1.48291701e-01
]
[5.64819592e+02 1.48652672e+01 1.59158611e-01
]
[6.17198062e+02 1.26113341e+01 2.00917925e-01
]
[1.66465693e+03 2.58767705e+01 9.06721176e-02
]
[3.81080661e+02 1.26774010e+01 1.74516606e-01
]
[184.0828912    7.63001922   0.31420953
]
[6.05073941e+02 1.16846597e+01 2.50414120e-01
]
[3.69379423e+02 1.08028758e+01 1.59634429e-01
]
[1.13462361e+03 1.88347866e+01 2.38158157e-01
]
[5.69291442e+02 1.32000308e+01 2.59550648e-01
]
[1.75762264e+03 2.40189158e+01 2.52529084e-01
]
[7.17802753e+02 1.20751711e+01 3.40742216e-01
]
[200.25461469   4.96715502   0.46755626
]
[3.59900919e+02 1.01477763e+01 2.32298214e-01
]
[134.03618608   5.49854671   0.28627347
]
[206.13044214   7.67744714   0.32457028
]
[7.66309158e+02 1.38812918e+01 3.16418696e-01
]
[1.12007928e+03 2.10635217e+01 1.17620904e-01
]
[8.56765859e+02 1.62569166e+01 2.41292066e-01
]
[1.25206405e+03 2.46944560e+01 6.17785987e-02
]
[1.22907523e+03 1.89721646e+01 2.01889818e-01
]
[7.39093779e+02 2.00303114e+01 8.05501839e-02
]
[1.13300105e+03 2.30996278e+01 7.46666272e-02
]
[1.42248186e+03 2.31459336e+01 9.30805454e-02
]
[1.49419553e+03 2.55432079e+01 8.42487423e-02
]
[1.29690067e+03 2.18578085e+01 1.23955620e-01
]
[178.6409381    5.87415609   0.37670266
]
[4.87093679e+02 1.16332292e+01 2.09637959e-01
]
[1.02616667e+03 1.94723875e+01 1.12491229e-01
]
[265.93012637   8.11966201   0.29667841
]
[1.87853948e+02 8.68996540e+00 1.61372885e-01
]
[8.82750973e+02 1.84099346e+01 1.90110851e-01
]
[205.75342466   6.18544812   0.33989116
]
[7.04384298e+02 1.52781084e+01 2.40302167e-01
]
[1.29813208e+03 2.26306240e+01 1.00659370e-01
]
[7.16242230e+02 1.59079892e+01 1.59417137e-01
]
[191.77810096   7.361231     0.30227953
]
[250.47354284   7.27439043   0.320394  
]
[4.59667652e+02 1.11847908e+01 2.36405809e-01
]
[157.5254902    4.97527105   0.36463268
]
[214.24986301   5.68664176   0.33814422
]
[1.13493315e+03 1.80000000e+01 1.57815691e-01
]
[9.23676335e+02 1.71725670e+01 1.71086020e-01
]
[135.88430272   7.62886444   0.22989415
]
[6.99714125e+02 1.75557862e+01 9.10687442e-02
]
[236.39913879   8.72282968   0.38301122
]
[7.16876986e+02 1.37229066e+01 2.89440823e-01
]
[4.04118643e+02 1.10635503e+01 1.73705153e-01
]
[3.75878988e+02 1.17304826e+01 2.13411466e-01
]
[1.78492833e+03 2.81879107e+01 6.45939188e-02
]
[7.62013948e+02 1.38873203e+01 2.71968495e-01
]
[102.53534794   4.2232526    0.49422925
]
[6.05013751e+02 1.15250361e+01 2.87187504e-01
]
[3.87034295e+02 1.19368397e+01 2.38102571e-01
]
[5.76308512e+02 1.48243137e+01 1.65896990e-01
]
[36.00572088  3.27083429  0.4160784 
]
[1.49761204e+03 2.05916895e+01 2.30274281e-01
]
[7.55138590e+02 1.53400955e+01 2.25115507e-01
]
[6.69881369e+02 1.51916647e+01 1.72425771e-01
]
[383.83300269   7.73116494   0.4046615 
]
[187.40190696   6.5131411    0.31937315
]
[2.73108072e+02 9.10838494e+00 2.44548867e-01
]
[6.07501166e+02 1.23191258e+01 2.08843487e-01
]
[8.07680981e+02 1.88459655e+01 9.83266754e-02
]
[171.207797     7.56722799   0.33546059
]
[174.95633362   5.94950027   0.35305232
]
[3.43252641e+02 8.29943868e+00 3.30272530e-01
]
[4.51277788e+02 1.15550760e+01 1.76235530e-01
]
[5.58667559e+02 1.42786005e+01 2.10459939e-01
]
[96.09447136  5.42817378  0.30930847
]
[3.33356080e+02 8.80962850e+00 3.23577604e-01
]
[3.99394494e+02 1.18370627e+01 2.13130124e-01
]
[5.30668112e+02 1.48755402e+01 1.40463184e-01
]
[137.8172265    5.34734472   0.38017696
]
[247.04308188   6.07232439   0.418274  
]
[4.99488412e+02 1.14467359e+01 2.05665036e-01
]
[5.01443297e+02 1.30445240e+01 2.17670873e-01
]
[8.08221699e+02 1.63683814e+01 2.59609695e-01
]
[1.26487852e+03 2.26927182e+01 1.14178156e-01
]
[216.87043533   6.98076692   0.32032622
]
[5.71237447e+02 1.20510727e+01 2.79524328e-01
]
[302.33486583   7.16479014   0.32520363
]
[5.53510404e+02 1.17810381e+01 1.90919799e-01
]
[1.02381718e+03 1.81255517e+01 1.92978615e-01
]
[4.79614947e+02 1.11553985e+01 2.41986477e-01
]
[4.00297705e+02 1.01956781e+01 2.76713320e-01
]
[9.21104806e+02 1.72569319e+01 1.59103994e-01
]
[6.95301084e+02 1.95595079e+01 5.86772235e-02
]
[2.57447352e+03 2.78859481e+01 1.28408826e-01
]
[5.06638524e+02 1.15403349e+01 2.82186337e-01
]
[2.56644998e+02 1.03717186e+01 1.42264449e-01
]
[5.08672495e+02 1.35003306e+01 1.07356025e-01
]
[5.2666742e+02 1.4503391e+01 1.6452115e-01
]
[8.09498024e+02 1.70479815e+01 1.94454146e-01
]
[2.87300054e+02 1.04820607e+01 2.53781226e-01
]
[5.14466513e+02 1.10371549e+01 3.75054315e-01
]
[3.75142691e+02 1.18427503e+01 1.85889489e-01
]
[7.74522584e+02 1.68622376e+01 1.43519572e-01
]
[7.33292432e+02 1.54598786e+01 1.71244580e-01
]
[305.34368549   8.18067805   0.35634105
]
[5.77332898e+02 1.23611344e+01 2.52182016e-01
]
[137.53467128   5.06611303   0.38610274
]
[3.81904276e+02 1.00355998e+01 3.47819321e-01
]
[5.98116417e+02 1.45666436e+01 1.43278350e-01
]
[220.78554402   8.09390235   0.28095166
]
[1.23736340e+03 2.21975702e+01 1.40058644e-01
]
[1.13713047e+03 2.48952095e+01 5.69924113e-02
]
[1.11806564e+03 2.03586313e+01 1.50456641e-01
]
[4.21538139e+02 1.10944463e+01 2.17331975e-01
]
[1.35924850e+03 2.06577501e+01 1.25116985e-01
]
[3.59649776e+02 1.09326727e+01 2.57613605e-01
]
[190.88521338   6.89837755   0.34935845
]
[1.96076200e+03 3.11751019e+01 4.72198526e-02
]
[4.10517463e+02 1.10659592e+01 1.62583110e-01
]
[1.29952122e+03 2.11623323e+01 1.21137210e-01
]
[4.17639842e+02 1.18103989e+01 2.38235383e-01
]
[4.39252545e+02 1.05082192e+01 2.70536828e-01
]
[5.79312849e+02 1.20343253e+01 2.30218255e-01
]
[7.98358427e+02 1.73234376e+01 1.51057882e-01
]
[1.02593170e+03 1.86233449e+01 1.45409399e-01
]
[1.08376666e+03 1.86644983e+01 1.07601979e-01
]
[47.8438293   3.47264898  0.43565467
]
[2.95546991e+02 9.34029211e+00 2.80451388e-01
]
[3.51711926e+02 1.01767013e+01 2.46605222e-01
]
[167.68901128   6.29463823   0.33218545
]
[5.17635632e+02 1.55850365e+01 8.85631085e-02
]
[388.19706874   9.90738505   0.38916149
]
[6.33595301e+02 1.49135612e+01 1.75457556e-01
]
[3.63370411e+02 1.27369627e+01 1.36904280e-01
]
[3.12062021e+03 3.39199539e+01 1.16487269e-01
]
[192.76665942   5.39233167   0.47984594
]
[4.40893626e+02 1.12968551e+01 1.83442912e-01
]
[7.78437832e+02 1.52753864e+01 2.49753721e-01
]
[305.92795079   7.38557478   0.36010452
]
[1.48988076e+03 2.61868810e+01 6.01296080e-02
]
[2.63712341e+03 3.20841215e+01 8.06738325e-02
]
[5.34969950e+02 1.50633295e+01 1.11192546e-01
]
[2.56021681e+02 9.31875146e+00 1.60559163e-01
]
[9.20415625e+02 1.64319569e+01 2.45363841e-01
]
[7.51226747e+02 1.64462063e+01 1.11604922e-01
]
[4.49578673e+02 1.12444643e+01 2.33128329e-01
]
[3.79126920e+02 1.22169627e+01 2.23936967e-01
]
[2.99424375e+02 1.00622837e+01 1.80448380e-01
]
[99.9694752   4.98076562  0.3278369 
]
[7.73361036e+02 1.86063483e+01 1.09815058e-01
]
[9.72530097e+02 1.93668374e+01 1.27042072e-01
]
[4.90527460e+02 1.12328767e+01 2.21985413e-01
]
[6.01098830e+02 1.11365797e+01 3.42172938e-01
]
[202.68891965   6.66788158   0.53185677
]
[3.05142207e+02 8.49679354e+00 2.09620814e-01
]
[1.64194554e+03 2.56433181e+01 9.03363235e-02
]
[3.14436571e+02 1.17990004e+01 1.65596507e-01
]
[4.28129765e+02 1.07971088e+01 2.29952589e-01
]
[105.70379085   5.68133795   0.29086505
]
[4.11790942e+02 1.11312572e+01 1.93178499e-01
]
[3.40781044e+02 1.02440077e+01 2.38625872e-01
]
[316.70940408   8.76802768   0.32289965
]
[6.34905421e+02 1.48627912e+01 1.75459335e-01
]
[1.29437652e+03 2.30294041e+01 8.77770387e-02
]
[6.43616194e+02 1.39054364e+01 2.28205329e-01
]
[4.97814671e+02 1.17922799e+01 2.05615209e-01
]
[148.48761246   3.88633602   0.5664514 
]
[2.48660268e+03 2.96357247e+01 1.12668424e-01
]
[45.43669358  3.92370627  0.33858863
]
[4.70492307e+02 1.28331396e+01 1.92621182e-01
]
[9.45130519e+02 1.74309266e+01 1.74353264e-01
]
[223.74243135   8.26532495   0.28381982
]
[7.32186451e+02 1.74288966e+01 1.18914639e-01
]
[1.05204431e+03 1.59658439e+01 2.06079902e-01
]
[1.42370553e+03 2.15028066e+01 1.49240115e-01
]
[1.71113329e+03 2.42401538e+01 1.22574421e-01
]
[1.08785436e+03 1.82890090e+01 1.83978790e-01
]
[7.29896463e+02 1.50689779e+01 1.50189733e-01
]
[2.15672416e+03 3.04261610e+01 7.81556537e-02
]
[172.86331411   6.73130334   0.29586803
]
[3.39331688e+02 9.24006151e+00 3.22198688e-01
]
[5.82401630e+02 1.31941212e+01 2.46573079e-01
]
[4.85672265e+02 1.33347328e+01 1.65026514e-01
]
[1.41175297e+03 2.32105304e+01 1.07371343e-01
]
[2.35686751e+02 9.81620915e+00 1.56310790e-01
]
[4.26379054e+02 1.11211380e+01 2.80164729e-01
]
[4.41729784e+02 1.07811358e+01 1.91072222e-01
]
[3.94145298e+02 1.10238216e+01 2.32788858e-01
]
[4.51905142e+02 1.00183587e+01 2.83581972e-01
]
[130.30966551   6.36262976   0.30083162
]
[2.53663206e+02 9.44547482e+00 1.53404799e-01
]
[2.69453561e+03 3.32548712e+01 8.22681684e-02
]
[4.33727213e+02 1.08513649e+01 2.51794423e-01
]
[185.4454902    7.21164168   0.25370468
]
[193.37940792   6.10885044   0.40312974
]
[8.56566613e+02 1.70901961e+01 1.67435863e-01
]
[4.52515386e+02 1.15350557e+01 2.81307862e-01
]
[5.21028697e+02 1.72320953e+01 6.69347658e-02
]
[3.00679399e+02 9.18006674e+00 2.44513714e-01
]
[391.0816609    7.91401769   0.40229521
]
[4.43646556e+02 1.18714244e+01 2.92578552e-01
]
[5.88874105e+02 1.57669577e+01 1.04711606e-01
]
[5.31906774e+02 1.32732641e+01 2.21806826e-01
]
[214.83049596   6.05691657   0.4041182 
]
[4.61884915e+02 1.37713009e+01 1.44267215e-01
]
[78.83901576  3.10891196  0.43125385
]
[1.20181077e+03 2.19915571e+01 1.50910253e-01
]
[6.84406213e+02 1.50661130e+01 2.21630181e-01
]
[1.00968006e+03 1.97669819e+01 1.48471808e-01
]
[188.01417916   8.73762399   0.25470943
]
[207.09017873   6.15816975   0.36266869
]
[5.74987960e+02 1.35128250e+01 1.74035119e-01
]
[3.58450073e+02 9.53439446e+00 2.88563948e-01
]
[1.68385024e+03 2.49519108e+01 9.94133941e-02
]
[1.11165807e+03 1.56682199e+01 3.23838023e-01
]
[9.13961522e+02 1.86594387e+01 1.07993185e-01
]
[5.93854517e+02 1.35739792e+01 1.85681393e-01
]
[3.88828512e+02 1.07610304e+01 2.09317235e-01
]
[1.03604382e+03 1.88634828e+01 1.74086882e-01
]
[5.55031895e+02 1.00938255e+01 2.77295583e-01
]
[258.9575162    8.04469057   0.31459687
]
[3.85355623e+02 1.12272141e+01 2.76843698e-01
]
[6.78003289e+02 1.47663599e+01 3.03521056e-01
]
[1.55778044e+03 2.25002253e+01 1.23913386e-01
]
[2.14005678e+03 3.14312034e+01 5.69441862e-02
]
[9.65618576e+02 1.93847691e+01 1.10303496e-01
]
[140.78579008   5.37796232   0.36314687
]
[7.53807582e+02 1.69459439e+01 1.67180570e-01
]
[237.81511477   8.45095952   0.2634467 
]
[5.59217193e+02 1.20309781e+01 2.44122373e-01
]
[1.05078164e+03 2.00367486e+01 1.32005737e-01
]
